[2020-07-29 23:22:03,830] {logger:43} INFO - run_experiment.py, args: Namespace(experiment='exp006b')
================================================================================
[2020-07-29 23:22:03,830] {logger:44} INFO - config:
[2020-07-29 23:22:03,830] {logger:45} INFO - parameter name      | parameter value
[2020-07-29 23:22:03,830] {logger:46} INFO - experiment          : exp006b
[2020-07-29 23:22:03,830] {logger:46} INFO - RUN_NAME            : exp006b_2020-07-29_23-22-03
[2020-07-29 23:22:03,831] {logger:46} INFO - DEVICE              : cuda
[2020-07-29 23:22:03,831] {logger:46} INFO - EXPERIMENT_DIR      : /home/users/grieger/seminar/mice_tuebingen/results/exp006b
[2020-07-29 23:22:03,831] {logger:46} INFO - MODELS_DIR          : /home/users/grieger/seminar/mice_tuebingen/results/exp006b/models
[2020-07-29 23:22:03,831] {logger:46} INFO - VISUALS_DIR         : /home/users/grieger/seminar/mice_tuebingen/results/exp006b/visuals/exp006b_2020-07-29_23-22-03
[2020-07-29 23:22:03,831] {logger:46} INFO - DATA_DIR            : /home/users/grieger/data_tuebingen_h5/data
[2020-07-29 23:22:03,831] {logger:46} INFO - SAMPLE_DURATION     : 10
[2020-07-29 23:22:03,831] {logger:46} INFO - SAMPLING_RATE       : 64
[2020-07-29 23:22:03,831] {logger:46} INFO - SCORING_MAP         : {'Wake': [1, 17], 'REM': [3, 19], 'Non REM': [2, 18], 'Pre REM': [4, 20], 'Artifact': [8, 24, 255]}
[2020-07-29 23:22:03,831] {logger:46} INFO - STAGE_MAP           : {'Wake': 'Wake', 'REM': 'REM', 'Non REM': 'Non REM', 'Pre REM': 'Pre REM', 'Artifact': 'Artifact'}
[2020-07-29 23:22:03,831] {logger:46} INFO - DATA_SPLIT          : {'train': ['M19', 'M20', 'M21', 'M22', 'M23', 'M24', 'M25', 'M26', 'M27', 'M28', 'M29', 'M31', 'M32', 'M33'], 'valid': ['M34', 'M35'], 'test': ['M36', 'M37']}
[2020-07-29 23:22:03,831] {logger:46} INFO - DATA_FILE           : ./cache/dataset/data_tuebingen.h5
[2020-07-29 23:22:03,831] {logger:46} INFO - STAGES              : ['Wake', 'REM', 'Non REM', 'Pre REM', 'Artifact']
[2020-07-29 23:22:03,831] {logger:46} INFO - BALANCED_TRAINING   : False
[2020-07-29 23:22:03,831] {logger:46} INFO - BALANCING_WEIGHTS   : [0.3, 0.18, 0.24, 0.14, 0.14]
[2020-07-29 23:22:03,831] {logger:46} INFO - CHANNELS            : ['EEG_PR']
[2020-07-29 23:22:03,831] {logger:46} INFO - SAMPLES_LEFT        : 1
[2020-07-29 23:22:03,831] {logger:46} INFO - SAMPLES_RIGHT       : 1
[2020-07-29 23:22:03,831] {logger:46} INFO - LOG_INTERVAL        : 10
[2020-07-29 23:22:03,831] {logger:46} INFO - EXTRA_SAFE_MODELS   : False
[2020-07-29 23:22:03,831] {logger:46} INFO - BATCH_SIZE          : 256
[2020-07-29 23:22:03,831] {logger:46} INFO - DATA_FRACTION       : 1.0
[2020-07-29 23:22:03,831] {logger:46} INFO - DATA_FRACTION_STRAT : None
[2020-07-29 23:22:03,831] {logger:46} INFO - EPOCHS              : 50
[2020-07-29 23:22:03,831] {logger:46} INFO - WARMUP_EPOCHS       : 12
[2020-07-29 23:22:03,831] {logger:46} INFO - S_OPTIM_MODE        : exp
[2020-07-29 23:22:03,831] {logger:46} INFO - S_OPTIM_PARAS       : [0.06]
[2020-07-29 23:22:03,831] {logger:46} INFO - LEARNING_RATE       : 0.000256
[2020-07-29 23:22:03,831] {logger:46} INFO - OPTIMIZER           : <class 'torch.optim.adam.Adam'>
[2020-07-29 23:22:03,831] {logger:46} INFO - OPTIM_PARAS         : {}
[2020-07-29 23:22:03,831] {logger:46} INFO - L1_WEIGHT_DECAY     : 0
[2020-07-29 23:22:03,832] {logger:46} INFO - L2_WEIGHT_DECAY     : 0.0001
[2020-07-29 23:22:03,832] {logger:46} INFO - BATCH_SIZE_EVAL     : 512
[2020-07-29 23:22:03,832] {logger:46} INFO - FILTERS             : 96
[2020-07-29 23:22:03,832] {logger:46} INFO - CLASSIFIER_DROPOUT  : [0.2, 0.2]
[2020-07-29 23:22:03,832] {logger:46} INFO - FEATURE_EXTR_DROPOUT: [0.0, 0.2, 0.0, 0.2, 0.0, 0.2, 0.0, 0.2]
[2020-07-29 23:22:03,832] {logger:46} INFO - MODEL_NAME          : model_8conv_2fc
[2020-07-29 23:22:03,832] {logger:46} INFO - GAIN                : 0.0
[2020-07-29 23:22:03,832] {logger:46} INFO - FLIP                : 0.0
[2020-07-29 23:22:03,832] {logger:46} INFO - FLIP_ALL            : 0.5
[2020-07-29 23:22:03,832] {logger:46} INFO - WINDOW_WARP_SIZE    : 0.0
[2020-07-29 23:22:03,832] {logger:46} INFO - FLIP_HORI           : 0.0
[2020-07-29 23:22:03,832] {logger:46} INFO - TIME_SHIFT          : 0.0
[2020-07-29 23:22:03,832] {logger:50} INFO - 
[2020-07-29 23:22:03,832] {logger:51} INFO - ================================================================================
[2020-07-29 23:22:03,832] {logger:52} INFO - start training with model: model_8conv_2fc
[2020-07-29 23:22:03,832] {logger:53} INFO - ================================================================================
[2020-07-29 23:22:03,832] {logger:54} INFO - 
[2020-07-29 23:22:10,220] {dataloader:107} INFO - data distribution in database for dataset train:
	Wake                : 203747
	REM                 : 18606
	Non REM             : 136586
	Pre REM             : 7181
	Artifact            : 600
[2020-07-29 23:22:10,254] {dataloader:134} INFO - data distribution after processing:
	Wake                : 203747
	REM                 : 18606
	Non REM             : 136586
	Pre REM             : 7181
	Artifact            : 600
[2020-07-29 23:22:11,146] {dataloader:107} INFO - data distribution in database for dataset valid:
	Wake                : 28382
	REM                 : 2544
	Non REM             : 19952
	Pre REM             : 752
	Artifact            : 510
[2020-07-29 23:22:11,150] {dataloader:134} INFO - data distribution after processing:
	Wake                : 28382
	REM                 : 2544
	Non REM             : 19952
	Pre REM             : 752
	Artifact            : 510
[2020-07-29 23:22:13,080] {run_experiment:47} INFO - classifier:
Model(
  (feature_extractor): Sequential(
    (0): BatchNorm1d(1, eps=1e-05, momentum=0.1, affine=True, track_running_stats=True)
    (1): Conv1d(1, 96, kernel_size=(5,), stride=(1,))
    (2): ReLU(inplace=True)
    (3): BatchNorm1d(96, eps=1e-05, momentum=0.1, affine=True, track_running_stats=True)
    (4): Dropout(p=0.0, inplace=False)
    (5): Conv1d(96, 96, kernel_size=(5,), stride=(2,))
    (6): ReLU(inplace=True)
    (7): BatchNorm1d(96, eps=1e-05, momentum=0.1, affine=True, track_running_stats=True)
    (8): Dropout(p=0.2, inplace=False)
    (9): Conv1d(96, 96, kernel_size=(5,), stride=(1,))
    (10): ReLU(inplace=True)
    (11): BatchNorm1d(96, eps=1e-05, momentum=0.1, affine=True, track_running_stats=True)
    (12): Dropout(p=0.0, inplace=False)
    (13): Conv1d(96, 96, kernel_size=(5,), stride=(2,))
    (14): ReLU(inplace=True)
    (15): BatchNorm1d(96, eps=1e-05, momentum=0.1, affine=True, track_running_stats=True)
    (16): Dropout(p=0.2, inplace=False)
    (17): Conv1d(96, 96, kernel_size=(5,), stride=(1,))
    (18): ReLU(inplace=True)
    (19): BatchNorm1d(96, eps=1e-05, momentum=0.1, affine=True, track_running_stats=True)
    (20): Dropout(p=0.0, inplace=False)
    (21): Conv1d(96, 96, kernel_size=(5,), stride=(2,))
    (22): ReLU(inplace=True)
    (23): BatchNorm1d(96, eps=1e-05, momentum=0.1, affine=True, track_running_stats=True)
    (24): Dropout(p=0.2, inplace=False)
    (25): Conv1d(96, 96, kernel_size=(5,), stride=(1,))
    (26): ReLU(inplace=True)
    (27): BatchNorm1d(96, eps=1e-05, momentum=0.1, affine=True, track_running_stats=True)
    (28): Dropout(p=0.0, inplace=False)
    (29): Conv1d(96, 96, kernel_size=(5,), stride=(2,))
    (30): ReLU(inplace=True)
    (31): BatchNorm1d(96, eps=1e-05, momentum=0.1, affine=True, track_running_stats=True)
    (32): Dropout(p=0.2, inplace=False)
  )
  (classifier): Sequential(
    (0): Dropout(p=0.2, inplace=False)
    (1): Linear(in_features=10848, out_features=80, bias=True)
    (2): ReLU(inplace=True)
    (3): Dropout(p=0.2, inplace=False)
    (4): Linear(in_features=80, out_features=5, bias=True)
  )
)
[2020-07-29 23:22:54,538] {train_model:70} INFO - Train Epoch: 1 [36352/366720 (10%)]	lr:2.56e-05	Loss: 76.919502
[2020-07-29 23:23:35,529] {train_model:70} INFO - Train Epoch: 1 [72960/366720 (20%)]	lr:2.56e-05	Loss: 69.521851
[2020-07-29 23:24:16,503] {train_model:70} INFO - Train Epoch: 1 [109568/366720 (30%)]	lr:2.56e-05	Loss: 50.386894
[2020-07-29 23:24:54,823] {train_model:70} INFO - Train Epoch: 1 [146176/366720 (40%)]	lr:2.56e-05	Loss: 36.905514
[2020-07-29 23:25:30,792] {train_model:70} INFO - Train Epoch: 1 [182784/366720 (50%)]	lr:2.56e-05	Loss: 29.366428
[2020-07-29 23:26:06,750] {train_model:70} INFO - Train Epoch: 1 [219392/366720 (60%)]	lr:2.56e-05	Loss: 29.681572
[2020-07-29 23:26:42,733] {train_model:70} INFO - Train Epoch: 1 [256000/366720 (70%)]	lr:2.56e-05	Loss: 23.568314
[2020-07-29 23:27:18,711] {train_model:70} INFO - Train Epoch: 1 [292608/366720 (80%)]	lr:2.56e-05	Loss: 24.456411
[2020-07-29 23:27:54,709] {train_model:70} INFO - Train Epoch: 1 [329216/366720 (90%)]	lr:2.56e-05	Loss: 22.159077
[2020-07-29 23:28:30,792] {train_model:70} INFO - Train Epoch: 1 [365824/366720 (100%)]	lr:2.56e-05	Loss: 22.415293
[2020-07-29 23:28:38,799] {run_experiment:78} INFO - 
[2020-07-29 23:28:38,800] {result_logger:97} INFO - scores for sleep stages on dataset: train
[2020-07-29 23:28:39,414] {result_logger:103} INFO - precision on Wake: 0.732
[2020-07-29 23:28:39,834] {result_logger:104} INFO - recall on Wake: 0.620
[2020-07-29 23:28:40,250] {result_logger:107} INFO - F1-score on Wake: 0.671
[2020-07-29 23:28:40,250] {result_logger:108} INFO - 
[2020-07-29 23:28:40,781] {result_logger:103} INFO - precision on REM: 0.061
[2020-07-29 23:28:41,128] {result_logger:104} INFO - recall on REM: 0.043
[2020-07-29 23:28:41,474] {result_logger:107} INFO - F1-score on REM: 0.050
[2020-07-29 23:28:41,474] {result_logger:108} INFO - 
[2020-07-29 23:28:42,061] {result_logger:103} INFO - precision on Non REM: 0.626
[2020-07-29 23:28:42,463] {result_logger:104} INFO - recall on Non REM: 0.528
[2020-07-29 23:28:42,862] {result_logger:107} INFO - F1-score on Non REM: 0.573
[2020-07-29 23:28:42,862] {result_logger:108} INFO - 
[2020-07-29 23:28:43,392] {result_logger:103} INFO - precision on Pre REM: 0.024
[2020-07-29 23:28:43,742] {result_logger:104} INFO - recall on Pre REM: 0.067
[2020-07-29 23:28:44,089] {result_logger:107} INFO - F1-score on Pre REM: 0.036
[2020-07-29 23:28:44,089] {result_logger:108} INFO - 
[2020-07-29 23:28:44,611] {result_logger:103} INFO - precision on Artifact: 0.002
[2020-07-29 23:28:44,965] {result_logger:104} INFO - recall on Artifact: 0.188
[2020-07-29 23:28:45,314] {result_logger:107} INFO - F1-score on Artifact: 0.005
[2020-07-29 23:28:45,315] {result_logger:108} INFO - 
[2020-07-29 23:28:45,422] {result_logger:111} INFO - average precision on sleep stages: 0.289
[2020-07-29 23:28:45,530] {result_logger:113} INFO - average recall on sleep stages: 0.289
[2020-07-29 23:28:45,638] {result_logger:115} INFO - average F1-score on sleep stages: 0.267
[2020-07-29 23:28:45,639] {result_logger:97} INFO - scores for sleep stages on dataset: valid
[2020-07-29 23:28:45,714] {result_logger:103} INFO - precision on Wake: 0.749
[2020-07-29 23:28:45,763] {result_logger:104} INFO - recall on Wake: 0.979
[2020-07-29 23:28:45,811] {result_logger:107} INFO - F1-score on Wake: 0.848
[2020-07-29 23:28:45,811] {result_logger:108} INFO - 
[2020-07-29 23:28:45,884] {result_logger:103} INFO - precision on REM: 0.081
[2020-07-29 23:28:45,931] {result_logger:104} INFO - recall on REM: 0.017
[2020-07-29 23:28:45,977] {result_logger:107} INFO - F1-score on REM: 0.029
[2020-07-29 23:28:45,977] {result_logger:108} INFO - 
[2020-07-29 23:28:46,052] {result_logger:103} INFO - precision on Non REM: 0.941
[2020-07-29 23:28:46,103] {result_logger:104} INFO - recall on Non REM: 0.635
[2020-07-29 23:28:46,152] {result_logger:107} INFO - F1-score on Non REM: 0.758
[2020-07-29 23:28:46,152] {result_logger:108} INFO - 
[2020-07-29 23:28:46,223] {result_logger:103} INFO - precision on Pre REM: 0.073
[2020-07-29 23:28:46,269] {result_logger:104} INFO - recall on Pre REM: 0.044
[2020-07-29 23:28:46,317] {result_logger:107} INFO - F1-score on Pre REM: 0.055
[2020-07-29 23:28:46,317] {result_logger:108} INFO - 
[2020-07-29 23:28:46,391] {result_logger:103} INFO - precision on Artifact: 0.014
[2020-07-29 23:28:46,438] {result_logger:104} INFO - recall on Artifact: 0.016
[2020-07-29 23:28:46,486] {result_logger:107} INFO - F1-score on Artifact: 0.015
[2020-07-29 23:28:46,486] {result_logger:108} INFO - 
[2020-07-29 23:28:46,497] {result_logger:111} INFO - average precision on sleep stages: 0.372
[2020-07-29 23:28:46,507] {result_logger:113} INFO - average recall on sleep stages: 0.338
[2020-07-29 23:28:46,517] {result_logger:115} INFO - average F1-score on sleep stages: 0.341
[2020-07-29 23:28:46,518] {result_logger:130} INFO - confusion matrix for sleep stages on dataset: train
[2020-07-29 23:28:46,773] {result_logger:134} INFO - 
[[126304   8211  34849  10293  24090]
 [  9649    795   4528   1104   2530]
 [ 34412   3733  72118   7737  18585]
 [  2043    234   3414    479   1011]
 [   205     14    243     26    113]]
[2020-07-29 23:28:47,033] {result_logger:141} INFO - 
[[ 61.99%   4.03%  17.10%   5.05%  11.82%]
 [ 51.86%   4.27%  24.34%   5.93%  13.60%]
 [ 25.19%   2.73%  52.80%   5.66%  13.61%]
 [ 28.45%   3.26%  47.54%   6.67%  14.08%]
 [ 34.11%   2.33%  40.43%   4.33%  18.80%]]
[2020-07-29 23:28:47,285] {result_logger:145} INFO - 
[[ 73.17%  63.22%  30.26%  52.41%  52.00%]
 [  5.59%   6.12%   3.93%   5.62%   5.46%]
 [ 19.94%  28.74%  62.63%  39.40%  40.12%]
 [  1.18%   1.80%   2.96%   2.44%   2.18%]
 [  0.12%   0.11%   0.21%   0.13%   0.24%]]
[2020-07-29 23:28:47,285] {result_logger:130} INFO - confusion matrix for sleep stages on dataset: valid
[2020-07-29 23:28:47,318] {result_logger:134} INFO - 
[[27786   135   292    41   128]
 [ 2283    44   159    28    31]
 [ 6235   327 12671   348   370]
 [  319    36   340    33    24]
 [  499     0     3     0     8]]
[2020-07-29 23:28:47,470] {result_logger:141} INFO - 
[[ 97.90%   0.48%   1.03%   0.14%   0.45%]
 [ 89.71%   1.73%   6.25%   1.10%   1.22%]
 [ 31.25%   1.64%  63.51%   1.74%   1.85%]
 [ 42.42%   4.79%  45.21%   4.39%   3.19%]
 [ 97.84%   0.00%   0.59%   0.00%   1.57%]]
[2020-07-29 23:28:47,602] {result_logger:145} INFO - 
[[ 74.85%  24.91%   2.17%   9.11%  22.82%]
 [  6.15%   8.12%   1.18%   6.22%   5.53%]
 [ 16.80%  60.33%  94.10%  77.33%  65.95%]
 [  0.86%   6.64%   2.53%   7.33%   4.28%]
 [  1.34%   0.00%   0.02%   0.00%   1.43%]]
[2020-07-29 23:28:47,864] {result_logger:74} INFO - transformation matrix for sleep stages on dataset: valid
[2020-07-29 23:28:47,865] {result_logger:77} INFO - actual:
[2020-07-29 23:28:47,865] {result_logger:78} INFO - 
[[95.59%  0.00%  4.31%  0.01%  0.08%]
 [15.28% 79.88%  4.13%  0.04%  0.67%]
 [ 4.10%  0.03% 91.89%  2.99%  1.00%]
 [ 2.66% 63.43% 13.96% 18.75%  1.20%]
 [ 5.10%  5.69% 36.27%  1.76% 51.18%]]
[2020-07-29 23:28:47,865] {result_logger:79} INFO - predicted:
[2020-07-29 23:28:47,865] {result_logger:80} INFO - 
[[91.02%  0.80%  7.27%  0.22%  0.69%]
 [71.77%  2.40% 21.59%  2.03%  2.21%]
 [18.03%  1.58% 75.98%  2.47%  1.93%]
 [48.22%  2.67% 44.00%  2.00%  3.11%]
 [53.30%  1.07% 39.57%  2.67%  3.39%]]
[2020-07-29 23:28:47,881] {train_model:82} INFO - snapshot saved to /home/users/grieger/seminar/mice_tuebingen/results/exp006b/model_8conv_2fc-best.pth
[2020-07-29 23:28:47,881] {run_experiment:112} INFO - [epoch   1] execution time: 394.80s	 avg f1-score: 0.3410

[2020-07-29 23:28:47,881] {dataloader:107} INFO - data distribution in database for dataset train:
	Wake                : 203747
	REM                 : 18606
	Non REM             : 136586
	Pre REM             : 7181
	Artifact            : 600
[2020-07-29 23:28:47,910] {dataloader:134} INFO - data distribution after processing:
	Wake                : 203747
	REM                 : 18606
	Non REM             : 136586
	Pre REM             : 7181
	Artifact            : 600
[2020-07-29 23:29:28,689] {train_model:70} INFO - Train Epoch: 2 [36352/366720 (10%)]	lr:4.65e-05	Loss: 23.402317
[2020-07-29 23:30:09,827] {train_model:70} INFO - Train Epoch: 2 [72960/366720 (20%)]	lr:4.65e-05	Loss: 19.273232
[2020-07-29 23:30:50,983] {train_model:70} INFO - Train Epoch: 2 [109568/366720 (30%)]	lr:4.65e-05	Loss: 19.660398
[2020-07-29 23:31:31,911] {train_model:70} INFO - Train Epoch: 2 [146176/366720 (40%)]	lr:4.65e-05	Loss: 11.867383
[2020-07-29 23:32:12,846] {train_model:70} INFO - Train Epoch: 2 [182784/366720 (50%)]	lr:4.65e-05	Loss: 10.761948
[2020-07-29 23:32:53,812] {train_model:70} INFO - Train Epoch: 2 [219392/366720 (60%)]	lr:4.65e-05	Loss: 14.319893
[2020-07-29 23:33:34,756] {train_model:70} INFO - Train Epoch: 2 [256000/366720 (70%)]	lr:4.65e-05	Loss: 6.399814
[2020-07-29 23:34:15,756] {train_model:70} INFO - Train Epoch: 2 [292608/366720 (80%)]	lr:4.65e-05	Loss: 7.815673
[2020-07-29 23:34:56,702] {train_model:70} INFO - Train Epoch: 2 [329216/366720 (90%)]	lr:4.65e-05	Loss: 6.989112
[2020-07-29 23:35:37,745] {train_model:70} INFO - Train Epoch: 2 [365824/366720 (100%)]	lr:4.65e-05	Loss: 7.414894
[2020-07-29 23:35:47,117] {run_experiment:78} INFO - 
[2020-07-29 23:35:47,118] {result_logger:97} INFO - scores for sleep stages on dataset: train
[2020-07-29 23:35:47,736] {result_logger:103} INFO - precision on Wake: 0.775
[2020-07-29 23:35:48,142] {result_logger:104} INFO - recall on Wake: 0.772
[2020-07-29 23:35:48,551] {result_logger:107} INFO - F1-score on Wake: 0.774
[2020-07-29 23:35:48,551] {result_logger:108} INFO - 
[2020-07-29 23:35:49,079] {result_logger:103} INFO - precision on REM: 0.079
[2020-07-29 23:35:49,429] {result_logger:104} INFO - recall on REM: 0.075
[2020-07-29 23:35:49,777] {result_logger:107} INFO - F1-score on REM: 0.077
[2020-07-29 23:35:49,778] {result_logger:108} INFO - 
[2020-07-29 23:35:50,361] {result_logger:103} INFO - precision on Non REM: 0.745
[2020-07-29 23:35:50,752] {result_logger:104} INFO - recall on Non REM: 0.717
[2020-07-29 23:35:51,140] {result_logger:107} INFO - F1-score on Non REM: 0.731
[2020-07-29 23:35:51,140] {result_logger:108} INFO - 
[2020-07-29 23:35:51,658] {result_logger:103} INFO - precision on Pre REM: 0.051
[2020-07-29 23:35:51,998] {result_logger:104} INFO - recall on Pre REM: 0.059
[2020-07-29 23:35:52,338] {result_logger:107} INFO - F1-score on Pre REM: 0.055
[2020-07-29 23:35:52,338] {result_logger:108} INFO - 
[2020-07-29 23:35:52,853] {result_logger:103} INFO - precision on Artifact: 0.008
[2020-07-29 23:35:53,185] {result_logger:104} INFO - recall on Artifact: 0.082
[2020-07-29 23:35:53,524] {result_logger:107} INFO - F1-score on Artifact: 0.014
[2020-07-29 23:35:53,524] {result_logger:108} INFO - 
[2020-07-29 23:35:53,626] {result_logger:111} INFO - average precision on sleep stages: 0.332
[2020-07-29 23:35:53,726] {result_logger:113} INFO - average recall on sleep stages: 0.341
[2020-07-29 23:35:53,829] {result_logger:115} INFO - average F1-score on sleep stages: 0.330
[2020-07-29 23:35:53,831] {result_logger:97} INFO - scores for sleep stages on dataset: valid
[2020-07-29 23:35:53,903] {result_logger:103} INFO - precision on Wake: 0.777
[2020-07-29 23:35:53,951] {result_logger:104} INFO - recall on Wake: 0.921
[2020-07-29 23:35:53,999] {result_logger:107} INFO - F1-score on Wake: 0.843
[2020-07-29 23:35:54,000] {result_logger:108} INFO - 
[2020-07-29 23:35:54,073] {result_logger:103} INFO - precision on REM: 0.115
[2020-07-29 23:35:54,120] {result_logger:104} INFO - recall on REM: 0.095
[2020-07-29 23:35:54,167] {result_logger:107} INFO - F1-score on REM: 0.104
[2020-07-29 23:35:54,167] {result_logger:108} INFO - 
[2020-07-29 23:35:54,242] {result_logger:103} INFO - precision on Non REM: 0.942
[2020-07-29 23:35:54,290] {result_logger:104} INFO - recall on Non REM: 0.754
[2020-07-29 23:35:54,340] {result_logger:107} INFO - F1-score on Non REM: 0.837
[2020-07-29 23:35:54,340] {result_logger:108} INFO - 
[2020-07-29 23:35:54,411] {result_logger:103} INFO - precision on Pre REM: 0.123
[2020-07-29 23:35:54,457] {result_logger:104} INFO - recall on Pre REM: 0.066
[2020-07-29 23:35:54,503] {result_logger:107} INFO - F1-score on Pre REM: 0.086
[2020-07-29 23:35:54,503] {result_logger:108} INFO - 
[2020-07-29 23:35:54,578] {result_logger:103} INFO - precision on Artifact: 0.051
[2020-07-29 23:35:54,623] {result_logger:104} INFO - recall on Artifact: 0.004
[2020-07-29 23:35:54,668] {result_logger:107} INFO - F1-score on Artifact: 0.007
[2020-07-29 23:35:54,668] {result_logger:108} INFO - 
[2020-07-29 23:35:54,681] {result_logger:111} INFO - average precision on sleep stages: 0.402
[2020-07-29 23:35:54,691] {result_logger:113} INFO - average recall on sleep stages: 0.368
[2020-07-29 23:35:54,701] {result_logger:115} INFO - average F1-score on sleep stages: 0.376
[2020-07-29 23:35:54,702] {result_logger:130} INFO - confusion matrix for sleep stages on dataset: train
[2020-07-29 23:35:54,950] {result_logger:134} INFO - 
[[157339  12505  26595   3346   3962]
 [ 13454   1391   2835    447    479]
 [ 29572   3193  97930   4070   1820]
 [  2303    392   3892    424    170]
 [   314     20    202     16     49]]
[2020-07-29 23:35:55,208] {result_logger:141} INFO - 
[[ 77.22%   6.14%  13.05%   1.64%   1.94%]
 [ 72.31%   7.48%  15.24%   2.40%   2.57%]
 [ 21.65%   2.34%  71.70%   2.98%   1.33%]
 [ 32.07%   5.46%  54.20%   5.90%   2.37%]
 [ 52.25%   3.33%  33.61%   2.66%   8.15%]]
[2020-07-29 23:35:55,458] {result_logger:145} INFO - 
[[ 77.51%  71.45%  20.23%  40.30%  61.14%]
 [  6.63%   7.95%   2.16%   5.38%   7.39%]
 [ 14.57%  18.24%  74.50%  49.02%  28.09%]
 [  1.13%   2.24%   2.96%   5.11%   2.62%]
 [  0.15%   0.11%   0.15%   0.19%   0.76%]]
[2020-07-29 23:35:55,458] {result_logger:130} INFO - confusion matrix for sleep stages on dataset: valid
[2020-07-29 23:35:55,491] {result_logger:134} INFO - 
[[26141  1714   457    46    24]
 [ 2200   241    82    20     2]
 [ 4502   114 15038   288     9]
 [  382    30   288    50     2]
 [  407     2    98     1     2]]
[2020-07-29 23:35:55,625] {result_logger:141} INFO - 
[[ 92.10%   6.04%   1.61%   0.16%   0.08%]
 [ 86.44%   9.47%   3.22%   0.79%   0.08%]
 [ 22.57%   0.57%  75.37%   1.44%   0.05%]
 [ 50.80%   3.99%  38.30%   6.65%   0.27%]
 [ 79.80%   0.39%  19.22%   0.20%   0.39%]]
[2020-07-29 23:35:55,752] {result_logger:145} INFO - 
[[ 77.73%  81.58%   2.86%  11.36%  61.54%]
 [  6.54%  11.47%   0.51%   4.94%   5.13%]
 [ 13.39%   5.43%  94.21%  71.11%  23.08%]
 [  1.14%   1.43%   1.80%  12.35%   5.13%]
 [  1.21%   0.10%   0.61%   0.25%   5.13%]]
[2020-07-29 23:35:56,073] {result_logger:74} INFO - transformation matrix for sleep stages on dataset: valid
[2020-07-29 23:35:56,073] {result_logger:77} INFO - actual:
[2020-07-29 23:35:56,074] {result_logger:78} INFO - 
[[95.59%  0.00%  4.31%  0.01%  0.08%]
 [15.28% 79.88%  4.13%  0.04%  0.67%]
 [ 4.10%  0.03% 91.89%  2.99%  1.00%]
 [ 2.66% 63.43% 13.96% 18.75%  1.20%]
 [ 5.10%  5.69% 36.27%  1.76% 51.18%]]
[2020-07-29 23:35:56,074] {result_logger:79} INFO - predicted:
[2020-07-29 23:35:56,074] {result_logger:80} INFO - 
[[87.63%  5.19%  6.98%  0.13%  0.08%]
 [86.24% 11.28%  2.38%  0.05%  0.05%]
 [13.06%  0.66% 84.03%  2.19%  0.08%]
 [56.79%  3.21% 37.53%  2.47%  0.00%]
 [89.74%  5.13%  5.13%  0.00%  0.00%]]
[2020-07-29 23:35:56,090] {train_model:82} INFO - snapshot saved to /home/users/grieger/seminar/mice_tuebingen/results/exp006b/model_8conv_2fc-best.pth
[2020-07-29 23:35:56,090] {run_experiment:112} INFO - [epoch   2] execution time: 428.21s	 avg f1-score: 0.3756

[2020-07-29 23:35:56,090] {dataloader:107} INFO - data distribution in database for dataset train:
	Wake                : 203747
	REM                 : 18606
	Non REM             : 136586
	Pre REM             : 7181
	Artifact            : 600
[2020-07-29 23:35:56,120] {dataloader:134} INFO - data distribution after processing:
	Wake                : 203747
	REM                 : 18606
	Non REM             : 136586
	Pre REM             : 7181
	Artifact            : 600
[2020-07-29 23:36:37,304] {train_model:70} INFO - Train Epoch: 3 [36352/366720 (10%)]	lr:6.75e-05	Loss: 3.898771
[2020-07-29 23:37:18,277] {train_model:70} INFO - Train Epoch: 3 [72960/366720 (20%)]	lr:6.75e-05	Loss: 7.733061
[2020-07-29 23:37:59,257] {train_model:70} INFO - Train Epoch: 3 [109568/366720 (30%)]	lr:6.75e-05	Loss: 5.987000
[2020-07-29 23:38:40,220] {train_model:70} INFO - Train Epoch: 3 [146176/366720 (40%)]	lr:6.75e-05	Loss: 2.704688
[2020-07-29 23:39:21,238] {train_model:70} INFO - Train Epoch: 3 [182784/366720 (50%)]	lr:6.75e-05	Loss: 4.137303
[2020-07-29 23:40:02,223] {train_model:70} INFO - Train Epoch: 3 [219392/366720 (60%)]	lr:6.75e-05	Loss: 7.320015
[2020-07-29 23:40:43,471] {train_model:70} INFO - Train Epoch: 3 [256000/366720 (70%)]	lr:6.75e-05	Loss: 3.957163
[2020-07-29 23:41:24,541] {train_model:70} INFO - Train Epoch: 3 [292608/366720 (80%)]	lr:6.75e-05	Loss: 1.300472
[2020-07-29 23:42:05,542] {train_model:70} INFO - Train Epoch: 3 [329216/366720 (90%)]	lr:6.75e-05	Loss: 6.339643
[2020-07-29 23:42:46,486] {train_model:70} INFO - Train Epoch: 3 [365824/366720 (100%)]	lr:6.75e-05	Loss: 6.406553
[2020-07-29 23:42:55,865] {run_experiment:78} INFO - 
[2020-07-29 23:42:55,866] {result_logger:97} INFO - scores for sleep stages on dataset: train
[2020-07-29 23:42:56,486] {result_logger:103} INFO - precision on Wake: 0.790
[2020-07-29 23:42:56,892] {result_logger:104} INFO - recall on Wake: 0.829
[2020-07-29 23:42:57,301] {result_logger:107} INFO - F1-score on Wake: 0.809
[2020-07-29 23:42:57,302] {result_logger:108} INFO - 
[2020-07-29 23:42:57,831] {result_logger:103} INFO - precision on REM: 0.112
[2020-07-29 23:42:58,176] {result_logger:104} INFO - recall on REM: 0.076
[2020-07-29 23:42:58,523] {result_logger:107} INFO - F1-score on REM: 0.090
[2020-07-29 23:42:58,523] {result_logger:108} INFO - 
[2020-07-29 23:42:59,098] {result_logger:103} INFO - precision on Non REM: 0.798
[2020-07-29 23:42:59,500] {result_logger:104} INFO - recall on Non REM: 0.752
[2020-07-29 23:42:59,895] {result_logger:107} INFO - F1-score on Non REM: 0.774
[2020-07-29 23:42:59,895] {result_logger:108} INFO - 
[2020-07-29 23:43:00,429] {result_logger:103} INFO - precision on Pre REM: 0.065
[2020-07-29 23:43:00,768] {result_logger:104} INFO - recall on Pre REM: 0.079
[2020-07-29 23:43:01,113] {result_logger:107} INFO - F1-score on Pre REM: 0.071
[2020-07-29 23:43:01,113] {result_logger:108} INFO - 
[2020-07-29 23:43:01,642] {result_logger:103} INFO - precision on Artifact: 0.006
[2020-07-29 23:43:01,994] {result_logger:104} INFO - recall on Artifact: 0.030
[2020-07-29 23:43:02,336] {result_logger:107} INFO - F1-score on Artifact: 0.010
[2020-07-29 23:43:02,336] {result_logger:108} INFO - 
[2020-07-29 23:43:02,437] {result_logger:111} INFO - average precision on sleep stages: 0.354
[2020-07-29 23:43:02,535] {result_logger:113} INFO - average recall on sleep stages: 0.353
[2020-07-29 23:43:02,634] {result_logger:115} INFO - average F1-score on sleep stages: 0.351
[2020-07-29 23:43:02,635] {result_logger:97} INFO - scores for sleep stages on dataset: valid
[2020-07-29 23:43:02,709] {result_logger:103} INFO - precision on Wake: 0.685
[2020-07-29 23:43:02,756] {result_logger:104} INFO - recall on Wake: 0.991
[2020-07-29 23:43:02,804] {result_logger:107} INFO - F1-score on Wake: 0.810
[2020-07-29 23:43:02,804] {result_logger:108} INFO - 
[2020-07-29 23:43:02,875] {result_logger:103} INFO - precision on REM: 0.096
[2020-07-29 23:43:02,923] {result_logger:104} INFO - recall on REM: 0.009
[2020-07-29 23:43:02,969] {result_logger:107} INFO - F1-score on REM: 0.017
[2020-07-29 23:43:02,969] {result_logger:108} INFO - 
[2020-07-29 23:43:03,047] {result_logger:103} INFO - precision on Non REM: 0.951
[2020-07-29 23:43:03,095] {result_logger:104} INFO - recall on Non REM: 0.498
[2020-07-29 23:43:03,143] {result_logger:107} INFO - F1-score on Non REM: 0.654
[2020-07-29 23:43:03,143] {result_logger:108} INFO - 
[2020-07-29 23:43:03,213] {result_logger:103} INFO - precision on Pre REM: 0.046
[2020-07-29 23:43:03,259] {result_logger:104} INFO - recall on Pre REM: 0.019
[2020-07-29 23:43:03,307] {result_logger:107} INFO - F1-score on Pre REM: 0.027
[2020-07-29 23:43:03,307] {result_logger:108} INFO - 
[2020-07-29 23:43:03,378] {result_logger:103} INFO - precision on Artifact: 0.259
[2020-07-29 23:43:03,426] {result_logger:104} INFO - recall on Artifact: 0.027
[2020-07-29 23:43:03,471] {result_logger:107} INFO - F1-score on Artifact: 0.050
[2020-07-29 23:43:03,471] {result_logger:108} INFO - 
[2020-07-29 23:43:03,481] {result_logger:111} INFO - average precision on sleep stages: 0.407
[2020-07-29 23:43:03,491] {result_logger:113} INFO - average recall on sleep stages: 0.309
[2020-07-29 23:43:03,501] {result_logger:115} INFO - average F1-score on sleep stages: 0.311
[2020-07-29 23:43:03,502] {result_logger:130} INFO - confusion matrix for sleep stages on dataset: train
[2020-07-29 23:43:03,761] {result_logger:134} INFO - 
[[168923   9165  20513   3279   1867]
 [ 14896   1408   1604    495    203]
 [ 27094   1643 102708   4351    789]
 [  2538    323   3663    565     92]
 [   270     20    268     25     18]]
[2020-07-29 23:43:04,023] {result_logger:141} INFO - 
[[ 82.91%   4.50%  10.07%   1.61%   0.92%]
 [ 80.06%   7.57%   8.62%   2.66%   1.09%]
 [ 19.84%   1.20%  75.20%   3.19%   0.58%]
 [ 35.34%   4.50%  51.01%   7.87%   1.28%]
 [ 44.93%   3.33%  44.59%   4.16%   3.00%]]
[2020-07-29 23:43:04,279] {result_logger:145} INFO - 
[[ 79.04%  72.98%  15.93%  37.62%  62.88%]
 [  6.97%  11.21%   1.25%   5.68%   6.84%]
 [ 12.68%  13.08%  79.77%  49.93%  26.57%]
 [  1.19%   2.57%   2.84%   6.48%   3.10%]
 [  0.13%   0.16%   0.21%   0.29%   0.61%]]
[2020-07-29 23:43:04,279] {result_logger:130} INFO - confusion matrix for sleep stages on dataset: valid
[2020-07-29 23:43:04,312] {result_logger:134} INFO - 
[[28124    66   170    12    10]
 [ 2472    24    40     8     1]
 [ 9607   103  9943   269    29]
 [  594    13   131    14     0]
 [  285    45   166     0    14]]
[2020-07-29 23:43:04,344] {result_logger:141} INFO - 
[[ 99.09%   0.23%   0.60%   0.04%   0.04%]
 [ 97.13%   0.94%   1.57%   0.31%   0.04%]
 [ 48.15%   0.52%  49.84%   1.35%   0.15%]
 [ 78.99%   1.73%  17.42%   1.86%   0.00%]
 [ 55.88%   8.82%  32.55%   0.00%   2.75%]]
[2020-07-29 23:43:04,377] {result_logger:145} INFO - 
[[ 68.46%  26.29%   1.63%   3.96%  18.52%]
 [  6.02%   9.56%   0.38%   2.64%   1.85%]
 [ 23.38%  41.04%  95.15%  88.78%  53.70%]
 [  1.45%   5.18%   1.25%   4.62%   0.00%]
 [  0.69%  17.93%   1.59%   0.00%  25.93%]]
[2020-07-29 23:43:04,452] {result_logger:74} INFO - transformation matrix for sleep stages on dataset: valid
[2020-07-29 23:43:04,452] {result_logger:77} INFO - actual:
[2020-07-29 23:43:04,452] {result_logger:78} INFO - 
[[95.59%  0.00%  4.31%  0.01%  0.08%]
 [15.28% 79.88%  4.13%  0.04%  0.67%]
 [ 4.10%  0.03% 91.89%  2.99%  1.00%]
 [ 2.66% 63.43% 13.96% 18.75%  1.20%]
 [ 5.10%  5.69% 36.27%  1.76% 51.18%]]
[2020-07-29 23:43:04,452] {result_logger:79} INFO - predicted:
[2020-07-29 23:43:04,453] {result_logger:80} INFO - 
[[92.81%  0.33%  6.61%  0.19%  0.07%]
 [76.49%  3.98% 17.93%  0.40%  1.20%]
 [24.26%  0.96% 72.52%  2.07%  0.20%]
 [64.03%  0.99% 31.68%  2.97%  0.33%]
 [62.96%  5.56% 29.63%  1.85%  0.00%]]
[2020-07-29 23:43:04,453] {run_experiment:112} INFO - [epoch   3] execution time: 428.36s	 avg f1-score: 0.3114

[2020-07-29 23:43:04,453] {dataloader:107} INFO - data distribution in database for dataset train:
	Wake                : 203747
	REM                 : 18606
	Non REM             : 136586
	Pre REM             : 7181
	Artifact            : 600
[2020-07-29 23:43:04,481] {dataloader:134} INFO - data distribution after processing:
	Wake                : 203747
	REM                 : 18606
	Non REM             : 136586
	Pre REM             : 7181
	Artifact            : 600
[2020-07-29 23:43:45,701] {train_model:70} INFO - Train Epoch: 4 [36352/366720 (10%)]	lr:8.84e-05	Loss: 6.334491
[2020-07-29 23:44:26,661] {train_model:70} INFO - Train Epoch: 4 [72960/366720 (20%)]	lr:8.84e-05	Loss: 0.810836
[2020-07-29 23:45:07,619] {train_model:70} INFO - Train Epoch: 4 [109568/366720 (30%)]	lr:8.84e-05	Loss: 11.074329
[2020-07-29 23:45:48,872] {train_model:70} INFO - Train Epoch: 4 [146176/366720 (40%)]	lr:8.84e-05	Loss: 1.529235
[2020-07-29 23:46:29,876] {train_model:70} INFO - Train Epoch: 4 [182784/366720 (50%)]	lr:8.84e-05	Loss: 1.626159
[2020-07-29 23:47:10,819] {train_model:70} INFO - Train Epoch: 4 [219392/366720 (60%)]	lr:8.84e-05	Loss: 2.144789
[2020-07-29 23:47:51,784] {train_model:70} INFO - Train Epoch: 4 [256000/366720 (70%)]	lr:8.84e-05	Loss: 2.642550
[2020-07-29 23:48:32,910] {train_model:70} INFO - Train Epoch: 4 [292608/366720 (80%)]	lr:8.84e-05	Loss: 0.666112
[2020-07-29 23:49:13,942] {train_model:70} INFO - Train Epoch: 4 [329216/366720 (90%)]	lr:8.84e-05	Loss: 1.243459
[2020-07-29 23:49:54,971] {train_model:70} INFO - Train Epoch: 4 [365824/366720 (100%)]	lr:8.84e-05	Loss: 0.285397
[2020-07-29 23:50:04,349] {run_experiment:78} INFO - 
[2020-07-29 23:50:04,350] {result_logger:97} INFO - scores for sleep stages on dataset: train
[2020-07-29 23:50:04,966] {result_logger:103} INFO - precision on Wake: 0.845
[2020-07-29 23:50:05,374] {result_logger:104} INFO - recall on Wake: 0.894
[2020-07-29 23:50:05,786] {result_logger:107} INFO - F1-score on Wake: 0.869
[2020-07-29 23:50:05,786] {result_logger:108} INFO - 
[2020-07-29 23:50:06,324] {result_logger:103} INFO - precision on REM: 0.593
[2020-07-29 23:50:06,667] {result_logger:104} INFO - recall on REM: 0.260
[2020-07-29 23:50:07,016] {result_logger:107} INFO - F1-score on REM: 0.362
[2020-07-29 23:50:07,016] {result_logger:108} INFO - 
[2020-07-29 23:50:07,608] {result_logger:103} INFO - precision on Non REM: 0.840
[2020-07-29 23:50:08,008] {result_logger:104} INFO - recall on Non REM: 0.824
[2020-07-29 23:50:08,406] {result_logger:107} INFO - F1-score on Non REM: 0.832
[2020-07-29 23:50:08,407] {result_logger:108} INFO - 
[2020-07-29 23:50:08,940] {result_logger:103} INFO - precision on Pre REM: 0.089
[2020-07-29 23:50:09,278] {result_logger:104} INFO - recall on Pre REM: 0.089
[2020-07-29 23:50:09,620] {result_logger:107} INFO - F1-score on Pre REM: 0.089
[2020-07-29 23:50:09,620] {result_logger:108} INFO - 
[2020-07-29 23:50:10,162] {result_logger:103} INFO - precision on Artifact: 0.011
[2020-07-29 23:50:10,494] {result_logger:104} INFO - recall on Artifact: 0.037
[2020-07-29 23:50:10,835] {result_logger:107} INFO - F1-score on Artifact: 0.017
[2020-07-29 23:50:10,835] {result_logger:108} INFO - 
[2020-07-29 23:50:10,936] {result_logger:111} INFO - average precision on sleep stages: 0.476
[2020-07-29 23:50:11,040] {result_logger:113} INFO - average recall on sleep stages: 0.421
[2020-07-29 23:50:11,141] {result_logger:115} INFO - average F1-score on sleep stages: 0.434
[2020-07-29 23:50:11,142] {result_logger:97} INFO - scores for sleep stages on dataset: valid
[2020-07-29 23:50:11,216] {result_logger:103} INFO - precision on Wake: 0.588
[2020-07-29 23:50:11,266] {result_logger:104} INFO - recall on Wake: 0.996
[2020-07-29 23:50:11,313] {result_logger:107} INFO - F1-score on Wake: 0.740
[2020-07-29 23:50:11,313] {result_logger:108} INFO - 
[2020-07-29 23:50:11,386] {result_logger:103} INFO - precision on REM: 0.822
[2020-07-29 23:50:11,432] {result_logger:104} INFO - recall on REM: 0.250
[2020-07-29 23:50:11,477] {result_logger:107} INFO - F1-score on REM: 0.383
[2020-07-29 23:50:11,478] {result_logger:108} INFO - 
[2020-07-29 23:50:11,558] {result_logger:103} INFO - precision on Non REM: 0.941
[2020-07-29 23:50:11,605] {result_logger:104} INFO - recall on Non REM: 0.155
[2020-07-29 23:50:11,655] {result_logger:107} INFO - F1-score on Non REM: 0.266
[2020-07-29 23:50:11,655] {result_logger:108} INFO - 
[2020-07-29 23:50:11,727] {result_logger:103} INFO - precision on Pre REM: 0.077
[2020-07-29 23:50:11,775] {result_logger:104} INFO - recall on Pre REM: 0.003
[2020-07-29 23:50:11,820] {result_logger:107} INFO - F1-score on Pre REM: 0.005
[2020-07-29 23:50:11,820] {result_logger:108} INFO - 
[2020-07-29 23:50:11,894] {result_logger:103} INFO - precision on Artifact: 0.857
[2020-07-29 23:50:11,939] {result_logger:104} INFO - recall on Artifact: 0.024
[2020-07-29 23:50:11,988] {result_logger:107} INFO - F1-score on Artifact: 0.046
[2020-07-29 23:50:11,988] {result_logger:108} INFO - 
[2020-07-29 23:50:11,998] {result_logger:111} INFO - average precision on sleep stages: 0.657
[2020-07-29 23:50:12,007] {result_logger:113} INFO - average recall on sleep stages: 0.285
[2020-07-29 23:50:12,017] {result_logger:115} INFO - average F1-score on sleep stages: 0.288
[2020-07-29 23:50:12,017] {result_logger:130} INFO - confusion matrix for sleep stages on dataset: train
[2020-07-29 23:50:12,270] {result_logger:134} INFO - 
[[182190   2461  16073   2351    672]
 [ 11618   4840   1193    631    324]
 [ 19233    570 112580   3476    726]
 [  2290    258   3821    636    176]
 [   232     38    282     27     22]]
[2020-07-29 23:50:12,522] {result_logger:141} INFO - 
[[ 89.42%   1.21%   7.89%   1.15%   0.33%]
 [ 62.44%  26.01%   6.41%   3.39%   1.74%]
 [ 14.08%   0.42%  82.42%   2.54%   0.53%]
 [ 31.89%   3.59%  53.21%   8.86%   2.45%]
 [ 38.60%   6.32%  46.92%   4.49%   3.66%]]
[2020-07-29 23:50:12,776] {result_logger:145} INFO - 
[[ 84.52%  30.13%  12.00%  33.02%  35.00%]
 [  5.39%  59.26%   0.89%   8.86%  16.88%]
 [  8.92%   6.98%  84.05%  48.81%  37.81%]
 [  1.06%   3.16%   2.85%   8.93%   9.17%]
 [  0.11%   0.47%   0.21%   0.38%   1.15%]]
[2020-07-29 23:50:12,776] {result_logger:130} INFO - confusion matrix for sleep stages on dataset: valid
[2020-07-29 23:50:12,808] {result_logger:134} INFO - 
[[28259    58    60     3     2]
 [ 1886   636    23     0     0]
 [16826    17  3087    21     0]
 [  676    16    58     2     0]
 [  398    47    53     0    12]]
[2020-07-29 23:50:12,839] {result_logger:141} INFO - 
[[ 99.57%   0.20%   0.21%   0.01%   0.01%]
 [ 74.11%  24.99%   0.90%   0.00%   0.00%]
 [ 84.34%   0.09%  15.47%   0.11%   0.00%]
 [ 89.89%   2.13%   7.71%   0.27%   0.00%]
 [ 78.04%   9.22%  10.39%   0.00%   2.35%]]
[2020-07-29 23:50:12,870] {result_logger:145} INFO - 
[[ 58.82%   7.49%   1.83%  11.54%  14.29%]
 [  3.93%  82.17%   0.70%   0.00%   0.00%]
 [ 35.02%   2.20%  94.09%  80.77%   0.00%]
 [  1.41%   2.07%   1.77%   7.69%   0.00%]
 [  0.83%   6.07%   1.62%   0.00%  85.71%]]
[2020-07-29 23:50:12,944] {result_logger:74} INFO - transformation matrix for sleep stages on dataset: valid
[2020-07-29 23:50:12,944] {result_logger:77} INFO - actual:
[2020-07-29 23:50:12,944] {result_logger:78} INFO - 
[[95.59%  0.00%  4.31%  0.01%  0.08%]
 [15.28% 79.88%  4.13%  0.04%  0.67%]
 [ 4.10%  0.03% 91.89%  2.99%  1.00%]
 [ 2.66% 63.43% 13.96% 18.75%  1.20%]
 [ 5.10%  5.69% 36.27%  1.76% 51.18%]]
[2020-07-29 23:50:12,944] {result_logger:79} INFO - predicted:
[2020-07-29 23:50:12,944] {result_logger:80} INFO - 
[[96.85%  0.68%  2.44%  0.02%  0.02%]
 [41.86% 55.68%  2.07%  0.00%  0.39%]
 [35.32%  0.52% 63.61%  0.52%  0.03%]
 [73.08%  0.00% 26.92%  0.00%  0.00%]
 [92.86%  0.00%  0.00%  0.00%  7.14%]]
[2020-07-29 23:50:12,944] {run_experiment:112} INFO - [epoch   4] execution time: 428.49s	 avg f1-score: 0.2879

[2020-07-29 23:50:12,944] {dataloader:107} INFO - data distribution in database for dataset train:
	Wake                : 203747
	REM                 : 18606
	Non REM             : 136586
	Pre REM             : 7181
	Artifact            : 600
[2020-07-29 23:50:12,978] {dataloader:134} INFO - data distribution after processing:
	Wake                : 203747
	REM                 : 18606
	Non REM             : 136586
	Pre REM             : 7181
	Artifact            : 600
[2020-07-29 23:50:54,213] {train_model:70} INFO - Train Epoch: 5 [36352/366720 (10%)]	lr:1.09e-04	Loss: 0.585315
[2020-07-29 23:51:35,299] {train_model:70} INFO - Train Epoch: 5 [72960/366720 (20%)]	lr:1.09e-04	Loss: 0.411674
