[2020-08-09 16:39:15,955] {logger:43} INFO - run_experiment.py, args: Namespace(experiment='exp003')
================================================================================
[2020-08-09 16:39:15,955] {logger:44} INFO - config:
[2020-08-09 16:39:15,955] {logger:45} INFO - parameter name      | parameter value
[2020-08-09 16:39:15,955] {logger:46} INFO - experiment          : exp003
[2020-08-09 16:39:15,955] {logger:46} INFO - RUN_NAME            : exp003_2020-08-09_16-39-15
[2020-08-09 16:39:15,955] {logger:46} INFO - DEVICE              : cuda
[2020-08-09 16:39:15,955] {logger:46} INFO - EXPERIMENT_DIR      : /home/users/grieger/seminar/mice_tuebingen/results/exp003
[2020-08-09 16:39:15,955] {logger:46} INFO - MODELS_DIR          : /home/users/grieger/seminar/mice_tuebingen/results/exp003/models
[2020-08-09 16:39:15,955] {logger:46} INFO - VISUALS_DIR         : /home/users/grieger/seminar/mice_tuebingen/results/exp003/visuals/exp003_2020-08-09_16-39-15
[2020-08-09 16:39:15,955] {logger:46} INFO - DATA_DIR            : /home/users/grieger/data_tuebingen_h5/data
[2020-08-09 16:39:15,955] {logger:46} INFO - SAMPLE_DURATION     : 10
[2020-08-09 16:39:15,955] {logger:46} INFO - SAMPLING_RATE       : 64
[2020-08-09 16:39:15,955] {logger:46} INFO - SCORING_MAP         : {'Wake': [1, 17], 'REM': [3, 19], 'Non REM': [2, 18], 'Pre REM': [4, 20], 'Artifact': [8, 24]}
[2020-08-09 16:39:15,955] {logger:46} INFO - STAGE_MAP           : {'Wake': 'Wake', 'REM': 'REM', 'Non REM': 'Non REM', 'Pre REM': 'Pre REM', 'Artifact': 'Artifact'}
[2020-08-09 16:39:15,955] {logger:46} INFO - DATA_SPLIT          : {'train': ['M19', 'M20', 'M21', 'M22', 'M23', 'M24', 'M25', 'M26', 'M27', 'M28', 'M29', 'M31', 'M32', 'M33'], 'valid': ['M34', 'M35'], 'test': ['M36', 'M37']}
[2020-08-09 16:39:15,955] {logger:46} INFO - DATA_FILE           : ./cache/dataset/data_tuebingen.h5
[2020-08-09 16:39:15,955] {logger:46} INFO - STAGES              : ['Wake', 'REM', 'Non REM', 'Pre REM', 'Artifact']
[2020-08-09 16:39:15,955] {logger:46} INFO - BALANCED_TRAINING   : True
[2020-08-09 16:39:15,955] {logger:46} INFO - BALANCING_WEIGHTS   : [0.3, 0.18, 0.24, 0.14, 0.14]
[2020-08-09 16:39:15,955] {logger:46} INFO - CHANNELS            : ['EEG_PR']
[2020-08-09 16:39:15,955] {logger:46} INFO - SAMPLES_LEFT        : 1
[2020-08-09 16:39:15,955] {logger:46} INFO - SAMPLES_RIGHT       : 1
[2020-08-09 16:39:15,955] {logger:46} INFO - LOG_INTERVAL        : 10
[2020-08-09 16:39:15,955] {logger:46} INFO - EXTRA_SAFE_MODELS   : False
[2020-08-09 16:39:15,956] {logger:46} INFO - BATCH_SIZE          : 256
[2020-08-09 16:39:15,956] {logger:46} INFO - DATA_FRACTION       : 1.0
[2020-08-09 16:39:15,956] {logger:46} INFO - DATA_FRACTION_STRAT : None
[2020-08-09 16:39:15,956] {logger:46} INFO - EPOCHS              : 50
[2020-08-09 16:39:15,956] {logger:46} INFO - WARMUP_EPOCHS       : 12
[2020-08-09 16:39:15,956] {logger:46} INFO - S_OPTIM_MODE        : exp
[2020-08-09 16:39:15,956] {logger:46} INFO - S_OPTIM_PARAS       : [0.06]
[2020-08-09 16:39:15,956] {logger:46} INFO - LEARNING_RATE       : 0.000256
[2020-08-09 16:39:15,956] {logger:46} INFO - OPTIMIZER           : <class 'torch.optim.adam.Adam'>
[2020-08-09 16:39:15,956] {logger:46} INFO - OPTIM_PARAS         : {}
[2020-08-09 16:39:15,956] {logger:46} INFO - L1_WEIGHT_DECAY     : 0
[2020-08-09 16:39:15,956] {logger:46} INFO - L2_WEIGHT_DECAY     : 0.0001
[2020-08-09 16:39:15,956] {logger:46} INFO - BATCH_SIZE_EVAL     : 512
[2020-08-09 16:39:15,956] {logger:46} INFO - FILTERS             : 96
[2020-08-09 16:39:15,956] {logger:46} INFO - CLASSIFIER_DROPOUT  : [0.2, 0.2]
[2020-08-09 16:39:15,956] {logger:46} INFO - FEATURE_EXTR_DROPOUT: [0.0, 0.2, 0.0, 0.2, 0.0, 0.2, 0.0, 0.2]
[2020-08-09 16:39:15,956] {logger:46} INFO - MODEL_NAME          : model_8conv_2fc
[2020-08-09 16:39:15,956] {logger:46} INFO - GAIN                : 0.5
[2020-08-09 16:39:15,956] {logger:46} INFO - FLIP                : 0.0
[2020-08-09 16:39:15,956] {logger:46} INFO - FLIP_ALL            : 0.0
[2020-08-09 16:39:15,956] {logger:46} INFO - WINDOW_WARP_SIZE    : 0.0
[2020-08-09 16:39:15,956] {logger:46} INFO - FLIP_HORI           : 0.0
[2020-08-09 16:39:15,956] {logger:46} INFO - TIME_SHIFT          : 0.0
[2020-08-09 16:39:15,956] {logger:50} INFO - 
[2020-08-09 16:39:15,956] {logger:51} INFO - ================================================================================
[2020-08-09 16:39:15,956] {logger:52} INFO - start training with model: model_8conv_2fc
[2020-08-09 16:39:15,956] {logger:53} INFO - ================================================================================
[2020-08-09 16:39:15,956] {logger:54} INFO - 
[2020-08-09 16:39:22,798] {dataloader:107} INFO - data distribution in database for dataset train:
	Wake                : 203747
	REM                 : 18606
	Non REM             : 136586
	Pre REM             : 7181
	Artifact            : 412
[2020-08-09 16:39:22,818] {dataloader:134} INFO - data distribution after processing:
	Wake                : 109960
	REM                 : 65976
	Non REM             : 87968
	Pre REM             : 51315
	Artifact            : 51315
[2020-08-09 16:39:23,634] {dataloader:107} INFO - data distribution in database for dataset valid:
	Wake                : 28382
	REM                 : 2544
	Non REM             : 19952
	Pre REM             : 752
	Artifact            : 504
[2020-08-09 16:39:23,639] {dataloader:134} INFO - data distribution after processing:
	Wake                : 28382
	REM                 : 2544
	Non REM             : 19952
	Pre REM             : 752
	Artifact            : 504
[2020-08-09 16:39:25,462] {run_experiment:47} INFO - classifier:
Model(
  (feature_extractor): Sequential(
    (0): BatchNorm1d(1, eps=1e-05, momentum=0.1, affine=True, track_running_stats=True)
    (1): Conv1d(1, 96, kernel_size=(5,), stride=(1,))
    (2): ReLU(inplace=True)
    (3): BatchNorm1d(96, eps=1e-05, momentum=0.1, affine=True, track_running_stats=True)
    (4): Dropout(p=0.0, inplace=False)
    (5): Conv1d(96, 96, kernel_size=(5,), stride=(2,))
    (6): ReLU(inplace=True)
    (7): BatchNorm1d(96, eps=1e-05, momentum=0.1, affine=True, track_running_stats=True)
    (8): Dropout(p=0.2, inplace=False)
    (9): Conv1d(96, 96, kernel_size=(5,), stride=(1,))
    (10): ReLU(inplace=True)
    (11): BatchNorm1d(96, eps=1e-05, momentum=0.1, affine=True, track_running_stats=True)
    (12): Dropout(p=0.0, inplace=False)
    (13): Conv1d(96, 96, kernel_size=(5,), stride=(2,))
    (14): ReLU(inplace=True)
    (15): BatchNorm1d(96, eps=1e-05, momentum=0.1, affine=True, track_running_stats=True)
    (16): Dropout(p=0.2, inplace=False)
    (17): Conv1d(96, 96, kernel_size=(5,), stride=(1,))
    (18): ReLU(inplace=True)
    (19): BatchNorm1d(96, eps=1e-05, momentum=0.1, affine=True, track_running_stats=True)
    (20): Dropout(p=0.0, inplace=False)
    (21): Conv1d(96, 96, kernel_size=(5,), stride=(2,))
    (22): ReLU(inplace=True)
    (23): BatchNorm1d(96, eps=1e-05, momentum=0.1, affine=True, track_running_stats=True)
    (24): Dropout(p=0.2, inplace=False)
    (25): Conv1d(96, 96, kernel_size=(5,), stride=(1,))
    (26): ReLU(inplace=True)
    (27): BatchNorm1d(96, eps=1e-05, momentum=0.1, affine=True, track_running_stats=True)
    (28): Dropout(p=0.0, inplace=False)
    (29): Conv1d(96, 96, kernel_size=(5,), stride=(2,))
    (30): ReLU(inplace=True)
    (31): BatchNorm1d(96, eps=1e-05, momentum=0.1, affine=True, track_running_stats=True)
    (32): Dropout(p=0.2, inplace=False)
  )
  (classifier): Sequential(
    (0): Dropout(p=0.2, inplace=False)
    (1): Linear(in_features=10848, out_features=80, bias=True)
    (2): ReLU(inplace=True)
    (3): Dropout(p=0.2, inplace=False)
    (4): Linear(in_features=80, out_features=5, bias=True)
  )
)
[2020-08-09 16:40:03,384] {train_model:70} INFO - Train Epoch: 1 [36352/366532 (10%)]	lr:2.56e-05	Loss: 70.152466
[2020-08-09 16:40:41,064] {train_model:70} INFO - Train Epoch: 1 [72960/366532 (20%)]	lr:2.56e-05	Loss: 50.658218
[2020-08-09 16:41:18,648] {train_model:70} INFO - Train Epoch: 1 [109568/366532 (30%)]	lr:2.56e-05	Loss: 42.960468
[2020-08-09 16:42:01,017] {train_model:70} INFO - Train Epoch: 1 [146176/366532 (40%)]	lr:2.56e-05	Loss: 30.433247
[2020-08-09 16:42:39,141] {train_model:70} INFO - Train Epoch: 1 [182784/366532 (50%)]	lr:2.56e-05	Loss: 15.722670
[2020-08-09 16:43:16,654] {train_model:70} INFO - Train Epoch: 1 [219392/366532 (60%)]	lr:2.56e-05	Loss: 13.106866
[2020-08-09 16:43:54,147] {train_model:70} INFO - Train Epoch: 1 [256000/366532 (70%)]	lr:2.56e-05	Loss: 11.203567
[2020-08-09 16:44:31,675] {train_model:70} INFO - Train Epoch: 1 [292608/366532 (80%)]	lr:2.56e-05	Loss: 3.989673
[2020-08-09 16:45:09,189] {train_model:70} INFO - Train Epoch: 1 [329216/366532 (90%)]	lr:2.56e-05	Loss: 2.935271
[2020-08-09 16:45:46,676] {train_model:70} INFO - Train Epoch: 1 [365824/366532 (100%)]	lr:2.56e-05	Loss: 2.861313
[2020-08-09 16:45:54,760] {run_experiment:78} INFO - 
[2020-08-09 16:45:54,761] {result_logger:97} INFO - scores for sleep stages on dataset: train
[2020-08-09 16:45:55,346] {result_logger:103} INFO - precision on Wake: 0.371
[2020-08-09 16:45:55,747] {result_logger:104} INFO - recall on Wake: 0.345
[2020-08-09 16:45:56,135] {result_logger:107} INFO - F1-score on Wake: 0.358
[2020-08-09 16:45:56,135] {result_logger:108} INFO - 
[2020-08-09 16:45:56,724] {result_logger:103} INFO - precision on REM: 0.225
[2020-08-09 16:45:57,095] {result_logger:104} INFO - recall on REM: 0.225
[2020-08-09 16:45:57,476] {result_logger:107} INFO - F1-score on REM: 0.225
[2020-08-09 16:45:57,476] {result_logger:108} INFO - 
[2020-08-09 16:45:58,028] {result_logger:103} INFO - precision on Non REM: 0.290
[2020-08-09 16:45:58,412] {result_logger:104} INFO - recall on Non REM: 0.254
[2020-08-09 16:45:58,799] {result_logger:107} INFO - F1-score on Non REM: 0.271
[2020-08-09 16:45:58,799] {result_logger:108} INFO - 
[2020-08-09 16:45:59,348] {result_logger:103} INFO - precision on Pre REM: 0.160
[2020-08-09 16:45:59,720] {result_logger:104} INFO - recall on Pre REM: 0.205
[2020-08-09 16:46:00,081] {result_logger:107} INFO - F1-score on Pre REM: 0.180
[2020-08-09 16:46:00,081] {result_logger:108} INFO - 
[2020-08-09 16:46:00,629] {result_logger:103} INFO - precision on Artifact: 0.595
[2020-08-09 16:46:01,000] {result_logger:104} INFO - recall on Artifact: 0.644
[2020-08-09 16:46:01,369] {result_logger:107} INFO - F1-score on Artifact: 0.618
[2020-08-09 16:46:01,369] {result_logger:108} INFO - 
[2020-08-09 16:46:01,496] {result_logger:111} INFO - average precision on sleep stages: 0.328
[2020-08-09 16:46:01,618] {result_logger:113} INFO - average recall on sleep stages: 0.335
[2020-08-09 16:46:01,743] {result_logger:115} INFO - average F1-score on sleep stages: 0.330
[2020-08-09 16:46:01,744] {result_logger:97} INFO - scores for sleep stages on dataset: valid
[2020-08-09 16:46:01,822] {result_logger:103} INFO - precision on Wake: 0.490
[2020-08-09 16:46:01,874] {result_logger:104} INFO - recall on Wake: 0.587
[2020-08-09 16:46:01,925] {result_logger:107} INFO - F1-score on Wake: 0.534
[2020-08-09 16:46:01,925] {result_logger:108} INFO - 
[2020-08-09 16:46:02,000] {result_logger:103} INFO - precision on REM: 0.070
[2020-08-09 16:46:02,049] {result_logger:104} INFO - recall on REM: 0.380
[2020-08-09 16:46:02,100] {result_logger:107} INFO - F1-score on REM: 0.119
[2020-08-09 16:46:02,100] {result_logger:108} INFO - 
[2020-08-09 16:46:02,173] {result_logger:103} INFO - precision on Non REM: 0.353
[2020-08-09 16:46:02,220] {result_logger:104} INFO - recall on Non REM: 0.020
[2020-08-09 16:46:02,267] {result_logger:107} INFO - F1-score on Non REM: 0.038
[2020-08-09 16:46:02,268] {result_logger:108} INFO - 
[2020-08-09 16:46:02,344] {result_logger:103} INFO - precision on Pre REM: 0.007
[2020-08-09 16:46:02,390] {result_logger:104} INFO - recall on Pre REM: 0.004
[2020-08-09 16:46:02,437] {result_logger:107} INFO - F1-score on Pre REM: 0.005
[2020-08-09 16:46:02,438] {result_logger:108} INFO - 
[2020-08-09 16:46:02,506] {result_logger:103} INFO - precision on Artifact: 0.171
[2020-08-09 16:46:02,552] {result_logger:104} INFO - recall on Artifact: 0.978
[2020-08-09 16:46:02,597] {result_logger:107} INFO - F1-score on Artifact: 0.290
[2020-08-09 16:46:02,597] {result_logger:108} INFO - 
[2020-08-09 16:46:02,609] {result_logger:111} INFO - average precision on sleep stages: 0.218
[2020-08-09 16:46:02,621] {result_logger:113} INFO - average recall on sleep stages: 0.394
[2020-08-09 16:46:02,633] {result_logger:115} INFO - average F1-score on sleep stages: 0.197
[2020-08-09 16:46:02,633] {result_logger:130} INFO - confusion matrix for sleep stages on dataset: train
[2020-08-09 16:46:02,895] {result_logger:134} INFO - 
[[37946 22436 22872 19598  7108]
 [20699 14846 14403 12122  3906]
 [24387 15945 22375 17470  7789]
 [14116 10326 12656 10510  3706]
 [ 5109  2501  4887  5785 33034]]
[2020-08-09 16:46:03,153] {result_logger:141} INFO - 
[[ 34.51%  20.40%  20.80%  17.82%   6.46%]
 [ 31.37%  22.50%  21.83%  18.37%   5.92%]
 [ 27.72%  18.13%  25.44%  19.86%   8.85%]
 [ 27.51%  20.12%  24.66%  20.48%   7.22%]
 [  9.96%   4.87%   9.52%  11.27%  64.37%]]
[2020-08-09 16:46:03,422] {result_logger:145} INFO - 
[[ 37.11%  33.97%  29.63%  29.93%  12.80%]
 [ 20.24%  22.48%  18.66%  18.51%   7.03%]
 [ 23.85%  24.14%  28.99%  26.68%  14.02%]
 [ 13.80%  15.63%  16.40%  16.05%   6.67%]
 [  5.00%   3.79%   6.33%   8.83%  59.47%]]
[2020-08-09 16:46:03,422] {result_logger:130} INFO - confusion matrix for sleep stages on dataset: valid
[2020-08-09 16:46:03,455] {result_logger:134} INFO - 
[[16648  9024   674   264  1772]
 [ 1413   966    42    23   101]
 [15359  3535   401   152   504]
 [  521   191    16     3    21]
 [    4     2     4     1   493]]
[2020-08-09 16:46:03,640] {result_logger:141} INFO - 
[[ 58.66%  31.79%   2.37%   0.93%   6.24%]
 [ 55.52%  37.96%   1.65%   0.90%   3.97%]
 [ 76.98%  17.72%   2.01%   0.76%   2.53%]
 [ 69.28%  25.40%   2.13%   0.40%   2.79%]
 [  0.79%   0.40%   0.79%   0.20%  97.82%]]
[2020-08-09 16:46:03,779] {result_logger:145} INFO - 
[[ 49.04%  65.78%  59.28%  59.59%  61.29%]
 [  4.16%   7.04%   3.69%   5.19%   3.49%]
 [ 45.25%  25.77%  35.27%  34.31%  17.43%]
 [  1.53%   1.39%   1.41%   0.68%   0.73%]
 [  0.01%   0.01%   0.35%   0.23%  17.05%]]
[2020-08-09 16:46:04,068] {result_logger:74} INFO - transformation matrix for sleep stages on dataset: valid
[2020-08-09 16:46:04,068] {result_logger:77} INFO - actual:
[2020-08-09 16:46:04,068] {result_logger:78} INFO - 
[[95.59%  0.00%  4.32%  0.01%  0.07%]
 [15.28% 79.88%  4.13%  0.04%  0.67%]
 [ 4.10%  0.03% 91.89%  2.99%  1.00%]
 [ 2.66% 63.43% 13.96% 18.75%  1.20%]
 [ 4.96%  5.75% 36.51%  1.79% 50.99%]]
[2020-08-09 16:46:04,068] {result_logger:79} INFO - predicted:
[2020-08-09 16:46:04,068] {result_logger:80} INFO - 
[[69.13% 26.70%  2.05%  0.68%  1.43%]
 [65.76% 30.43%  1.89%  0.70%  1.22%]
 [53.56% 21.20%  4.75%  1.76% 18.73%]
 [58.01% 16.70%  7.22%  3.16% 14.90%]
 [20.51%  5.71%  3.29%  2.80% 67.69%]]
[2020-08-09 16:46:04,085] {train_model:82} INFO - snapshot saved to /home/users/grieger/seminar/mice_tuebingen/results/exp003/model_8conv_2fc-best.pth
[2020-08-09 16:46:04,085] {run_experiment:112} INFO - [epoch   1] execution time: 398.62s	 avg f1-score: 0.1973

[2020-08-09 16:46:04,085] {dataloader:107} INFO - data distribution in database for dataset train:
	Wake                : 203747
	REM                 : 18606
	Non REM             : 136586
	Pre REM             : 7181
	Artifact            : 412
[2020-08-09 16:46:04,101] {dataloader:134} INFO - data distribution after processing:
	Wake                : 109960
	REM                 : 65976
	Non REM             : 87968
	Pre REM             : 51315
	Artifact            : 51315
[2020-08-09 16:46:47,119] {train_model:70} INFO - Train Epoch: 2 [36352/366532 (10%)]	lr:4.65e-05	Loss: 2.380534
[2020-08-09 16:47:24,523] {train_model:70} INFO - Train Epoch: 2 [72960/366532 (20%)]	lr:4.65e-05	Loss: 2.745198
[2020-08-09 16:48:01,934] {train_model:70} INFO - Train Epoch: 2 [109568/366532 (30%)]	lr:4.65e-05	Loss: 1.998685
[2020-08-09 16:48:39,303] {train_model:70} INFO - Train Epoch: 2 [146176/366532 (40%)]	lr:4.65e-05	Loss: 2.166732
[2020-08-09 16:49:16,724] {train_model:70} INFO - Train Epoch: 2 [182784/366532 (50%)]	lr:4.65e-05	Loss: 4.225398
[2020-08-09 16:49:54,150] {train_model:70} INFO - Train Epoch: 2 [219392/366532 (60%)]	lr:4.65e-05	Loss: 2.137228
[2020-08-09 16:50:31,546] {train_model:70} INFO - Train Epoch: 2 [256000/366532 (70%)]	lr:4.65e-05	Loss: 2.830331
[2020-08-09 16:51:10,631] {train_model:70} INFO - Train Epoch: 2 [292608/366532 (80%)]	lr:4.65e-05	Loss: 1.285198
[2020-08-09 16:51:51,378] {train_model:70} INFO - Train Epoch: 2 [329216/366532 (90%)]	lr:4.65e-05	Loss: 1.620320
[2020-08-09 16:52:28,840] {train_model:70} INFO - Train Epoch: 2 [365824/366532 (100%)]	lr:4.65e-05	Loss: 1.363024
[2020-08-09 16:52:36,915] {run_experiment:78} INFO - 
[2020-08-09 16:52:36,916] {result_logger:97} INFO - scores for sleep stages on dataset: train
[2020-08-09 16:52:37,497] {result_logger:103} INFO - precision on Wake: 0.401
[2020-08-09 16:52:37,900] {result_logger:104} INFO - recall on Wake: 0.628
[2020-08-09 16:52:38,310] {result_logger:107} INFO - F1-score on Wake: 0.489
[2020-08-09 16:52:38,310] {result_logger:108} INFO - 
[2020-08-09 16:52:38,861] {result_logger:103} INFO - precision on REM: 0.417
[2020-08-09 16:52:39,238] {result_logger:104} INFO - recall on REM: 0.420
[2020-08-09 16:52:39,611] {result_logger:107} INFO - F1-score on REM: 0.419
[2020-08-09 16:52:39,611] {result_logger:108} INFO - 
[2020-08-09 16:52:40,169] {result_logger:103} INFO - precision on Non REM: 0.420
[2020-08-09 16:52:40,552] {result_logger:104} INFO - recall on Non REM: 0.233
[2020-08-09 16:52:40,929] {result_logger:107} INFO - F1-score on Non REM: 0.299
[2020-08-09 16:52:40,929] {result_logger:108} INFO - 
[2020-08-09 16:52:41,461] {result_logger:103} INFO - precision on Pre REM: 0.204
[2020-08-09 16:52:41,821] {result_logger:104} INFO - recall on Pre REM: 0.109
[2020-08-09 16:52:42,186] {result_logger:107} INFO - F1-score on Pre REM: 0.142
[2020-08-09 16:52:42,186] {result_logger:108} INFO - 
[2020-08-09 16:52:42,737] {result_logger:103} INFO - precision on Artifact: 0.746
[2020-08-09 16:52:43,107] {result_logger:104} INFO - recall on Artifact: 0.746
[2020-08-09 16:52:43,470] {result_logger:107} INFO - F1-score on Artifact: 0.746
[2020-08-09 16:52:43,470] {result_logger:108} INFO - 
[2020-08-09 16:52:43,592] {result_logger:111} INFO - average precision on sleep stages: 0.438
[2020-08-09 16:52:43,710] {result_logger:113} INFO - average recall on sleep stages: 0.427
[2020-08-09 16:52:43,831] {result_logger:115} INFO - average F1-score on sleep stages: 0.419
[2020-08-09 16:52:43,832] {result_logger:97} INFO - scores for sleep stages on dataset: valid
[2020-08-09 16:52:43,906] {result_logger:103} INFO - precision on Wake: 0.506
[2020-08-09 16:52:43,954] {result_logger:104} INFO - recall on Wake: 0.725
[2020-08-09 16:52:44,002] {result_logger:107} INFO - F1-score on Wake: 0.596
[2020-08-09 16:52:44,002] {result_logger:108} INFO - 
[2020-08-09 16:52:44,073] {result_logger:103} INFO - precision on REM: 0.223
[2020-08-09 16:52:44,121] {result_logger:104} INFO - recall on REM: 0.858
[2020-08-09 16:52:44,169] {result_logger:107} INFO - F1-score on REM: 0.354
[2020-08-09 16:52:44,169] {result_logger:108} INFO - 
[2020-08-09 16:52:44,241] {result_logger:103} INFO - precision on Non REM: 0.541
[2020-08-09 16:52:44,290] {result_logger:104} INFO - recall on Non REM: 0.004
[2020-08-09 16:52:44,337] {result_logger:107} INFO - F1-score on Non REM: 0.007
[2020-08-09 16:52:44,337] {result_logger:108} INFO - 
[2020-08-09 16:52:44,410] {result_logger:103} INFO - precision on Pre REM: 0.000
[2020-08-09 16:52:44,455] {result_logger:104} INFO - recall on Pre REM: 0.000
[2020-08-09 16:52:44,501] {result_logger:107} INFO - F1-score on Pre REM: 0.000
[2020-08-09 16:52:44,501] {result_logger:108} INFO - 
[2020-08-09 16:52:44,574] {result_logger:103} INFO - precision on Artifact: 0.289
[2020-08-09 16:52:44,620] {result_logger:104} INFO - recall on Artifact: 0.754
[2020-08-09 16:52:44,669] {result_logger:107} INFO - F1-score on Artifact: 0.418
[2020-08-09 16:52:44,669] {result_logger:108} INFO - 
[2020-08-09 16:52:44,679] {result_logger:111} INFO - average precision on sleep stages: 0.312
[2020-08-09 16:52:44,690] {result_logger:113} INFO - average recall on sleep stages: 0.468
[2020-08-09 16:52:44,700] {result_logger:115} INFO - average F1-score on sleep stages: 0.275
[2020-08-09 16:52:44,700] {result_logger:130} INFO - confusion matrix for sleep stages on dataset: train
[2020-08-09 16:52:44,975] {result_logger:134} INFO - 
[[69104 18336 10627  7073  4823]
 [26834 27738  5348  4900  1156]
 [46123  8087 20453  7816  5485]
 [24191 11123  8843  5604  1554]
 [ 6281  1265  3437  2059 38272]]
[2020-08-09 16:52:45,235] {result_logger:141} INFO - 
[[ 62.84%  16.67%   9.66%   6.43%   4.39%]
 [ 40.67%  42.04%   8.11%   7.43%   1.75%]
 [ 52.43%   9.19%  23.25%   8.89%   6.24%]
 [ 47.14%  21.68%  17.23%  10.92%   3.03%]
 [ 12.24%   2.47%   6.70%   4.01%  74.58%]]
[2020-08-09 16:52:45,502] {result_logger:145} INFO - 
[[ 40.05%  27.55%  21.82%  25.76%   9.40%]
 [ 15.55%  41.68%  10.98%  17.85%   2.25%]
 [ 26.73%  12.15%  41.99%  28.47%  10.69%]
 [ 14.02%  16.71%  18.16%  20.41%   3.03%]
 [  3.64%   1.90%   7.06%   7.50%  74.62%]]
[2020-08-09 16:52:45,502] {result_logger:130} INFO - confusion matrix for sleep stages on dataset: valid
[2020-08-09 16:52:45,534] {result_logger:134} INFO - 
[[20586  6815    43   104   834]
 [  331  2183     1     2    28]
 [19355   356    72    97    71]
 [  316   434     1     0     1]
 [   82     1    16    25   380]]
[2020-08-09 16:52:45,665] {result_logger:141} INFO - 
[[ 72.53%  24.01%   0.15%   0.37%   2.94%]
 [ 13.01%  85.78%   0.04%   0.08%   1.10%]
 [ 97.01%   1.78%   0.36%   0.49%   0.36%]
 [ 42.02%  57.71%   0.13%   0.00%   0.13%]
 [ 16.27%   0.20%   3.17%   4.96%  75.40%]]
[2020-08-09 16:52:45,794] {result_logger:145} INFO - 
[[ 50.62%  69.62%  32.33%  45.61%  63.47%]
 [  0.81%  22.30%   0.75%   0.88%   2.13%]
 [ 47.59%   3.64%  54.14%  42.54%   5.40%]
 [  0.78%   4.43%   0.75%   0.00%   0.08%]
 [  0.20%   0.01%  12.03%  10.96%  28.92%]]
[2020-08-09 16:52:46,171] {result_logger:74} INFO - transformation matrix for sleep stages on dataset: valid
[2020-08-09 16:52:46,171] {result_logger:77} INFO - actual:
[2020-08-09 16:52:46,172] {result_logger:78} INFO - 
[[95.59%  0.00%  4.32%  0.01%  0.07%]
 [15.28% 79.88%  4.13%  0.04%  0.67%]
 [ 4.10%  0.03% 91.89%  2.99%  1.00%]
 [ 2.66% 63.43% 13.96% 18.75%  1.20%]
 [ 4.96%  5.75% 36.51%  1.79% 50.99%]]
[2020-08-09 16:52:46,172] {result_logger:79} INFO - predicted:
[2020-08-09 16:52:46,172] {result_logger:80} INFO - 
[[89.73%  8.68%  0.22%  0.29%  1.07%]
 [35.80% 63.43%  0.04%  0.07%  0.65%]
 [69.17%  4.51%  0.75% 10.53% 15.04%]
 [70.61%  2.63%  3.95%  7.46% 15.35%]
 [31.81%  2.82%  2.13%  5.40% 57.84%]]
[2020-08-09 16:52:46,201] {train_model:82} INFO - snapshot saved to /home/users/grieger/seminar/mice_tuebingen/results/exp003/model_8conv_2fc-best.pth
[2020-08-09 16:52:46,201] {run_experiment:112} INFO - [epoch   2] execution time: 402.12s	 avg f1-score: 0.2751

[2020-08-09 16:52:46,201] {dataloader:107} INFO - data distribution in database for dataset train:
	Wake                : 203747
	REM                 : 18606
	Non REM             : 136586
	Pre REM             : 7181
	Artifact            : 412
[2020-08-09 16:52:46,222] {dataloader:134} INFO - data distribution after processing:
	Wake                : 109960
	REM                 : 65976
	Non REM             : 87968
	Pre REM             : 51315
	Artifact            : 51315
[2020-08-09 16:53:23,828] {train_model:70} INFO - Train Epoch: 3 [36352/366532 (10%)]	lr:6.75e-05	Loss: 1.219563
[2020-08-09 16:54:01,230] {train_model:70} INFO - Train Epoch: 3 [72960/366532 (20%)]	lr:6.75e-05	Loss: 0.987426
[2020-08-09 16:54:38,509] {train_model:70} INFO - Train Epoch: 3 [109568/366532 (30%)]	lr:6.75e-05	Loss: 2.484812
[2020-08-09 16:55:15,801] {train_model:70} INFO - Train Epoch: 3 [146176/366532 (40%)]	lr:6.75e-05	Loss: 0.983126
[2020-08-09 16:55:59,102] {train_model:70} INFO - Train Epoch: 3 [182784/366532 (50%)]	lr:6.75e-05	Loss: 0.838068
[2020-08-09 16:56:35,982] {train_model:70} INFO - Train Epoch: 3 [219392/366532 (60%)]	lr:6.75e-05	Loss: 0.810136
[2020-08-09 16:57:13,440] {train_model:70} INFO - Train Epoch: 3 [256000/366532 (70%)]	lr:6.75e-05	Loss: 0.996389
[2020-08-09 16:57:50,982] {train_model:70} INFO - Train Epoch: 3 [292608/366532 (80%)]	lr:6.75e-05	Loss: 1.070489
[2020-08-09 16:58:28,476] {train_model:70} INFO - Train Epoch: 3 [329216/366532 (90%)]	lr:6.75e-05	Loss: 0.750208
[2020-08-09 16:59:05,920] {train_model:70} INFO - Train Epoch: 3 [365824/366532 (100%)]	lr:6.75e-05	Loss: 0.708503
[2020-08-09 16:59:14,023] {run_experiment:78} INFO - 
[2020-08-09 16:59:14,024] {result_logger:97} INFO - scores for sleep stages on dataset: train
[2020-08-09 16:59:14,641] {result_logger:103} INFO - precision on Wake: 0.642
[2020-08-09 16:59:15,032] {result_logger:104} INFO - recall on Wake: 0.780
[2020-08-09 16:59:15,433] {result_logger:107} INFO - F1-score on Wake: 0.704
[2020-08-09 16:59:15,433] {result_logger:108} INFO - 
[2020-08-09 16:59:15,998] {result_logger:103} INFO - precision on REM: 0.766
[2020-08-09 16:59:16,378] {result_logger:104} INFO - recall on REM: 0.671
[2020-08-09 16:59:16,752] {result_logger:107} INFO - F1-score on REM: 0.716
[2020-08-09 16:59:16,752] {result_logger:108} INFO - 
[2020-08-09 16:59:17,330] {result_logger:103} INFO - precision on Non REM: 0.666
[2020-08-09 16:59:17,721] {result_logger:104} INFO - recall on Non REM: 0.677
[2020-08-09 16:59:18,105] {result_logger:107} INFO - F1-score on Non REM: 0.671
[2020-08-09 16:59:18,105] {result_logger:108} INFO - 
[2020-08-09 16:59:18,664] {result_logger:103} INFO - precision on Pre REM: 0.448
[2020-08-09 16:59:19,033] {result_logger:104} INFO - recall on Pre REM: 0.328
[2020-08-09 16:59:19,403] {result_logger:107} INFO - F1-score on Pre REM: 0.379
[2020-08-09 16:59:19,403] {result_logger:108} INFO - 
[2020-08-09 16:59:19,960] {result_logger:103} INFO - precision on Artifact: 0.837
[2020-08-09 16:59:20,332] {result_logger:104} INFO - recall on Artifact: 0.787
[2020-08-09 16:59:20,701] {result_logger:107} INFO - F1-score on Artifact: 0.812
[2020-08-09 16:59:20,701] {result_logger:108} INFO - 
[2020-08-09 16:59:20,826] {result_logger:111} INFO - average precision on sleep stages: 0.672
[2020-08-09 16:59:20,951] {result_logger:113} INFO - average recall on sleep stages: 0.649
[2020-08-09 16:59:21,076] {result_logger:115} INFO - average F1-score on sleep stages: 0.656
[2020-08-09 16:59:21,077] {result_logger:97} INFO - scores for sleep stages on dataset: valid
[2020-08-09 16:59:21,156] {result_logger:103} INFO - precision on Wake: 0.600
[2020-08-09 16:59:21,204] {result_logger:104} INFO - recall on Wake: 0.968
[2020-08-09 16:59:21,255] {result_logger:107} INFO - F1-score on Wake: 0.741
[2020-08-09 16:59:21,255] {result_logger:108} INFO - 
[2020-08-09 16:59:21,329] {result_logger:103} INFO - precision on REM: 0.806
[2020-08-09 16:59:21,376] {result_logger:104} INFO - recall on REM: 0.775
[2020-08-09 16:59:21,423] {result_logger:107} INFO - F1-score on REM: 0.790
[2020-08-09 16:59:21,423] {result_logger:108} INFO - 
[2020-08-09 16:59:21,500] {result_logger:103} INFO - precision on Non REM: 0.995
[2020-08-09 16:59:21,548] {result_logger:104} INFO - recall on Non REM: 0.110
[2020-08-09 16:59:21,595] {result_logger:107} INFO - F1-score on Non REM: 0.198
[2020-08-09 16:59:21,595] {result_logger:108} INFO - 
[2020-08-09 16:59:21,669] {result_logger:103} INFO - precision on Pre REM: 0.261
[2020-08-09 16:59:21,715] {result_logger:104} INFO - recall on Pre REM: 0.124
[2020-08-09 16:59:21,764] {result_logger:107} INFO - F1-score on Pre REM: 0.168
[2020-08-09 16:59:21,764] {result_logger:108} INFO - 
[2020-08-09 16:59:21,838] {result_logger:103} INFO - precision on Artifact: 0.309
[2020-08-09 16:59:21,884] {result_logger:104} INFO - recall on Artifact: 0.817
[2020-08-09 16:59:21,931] {result_logger:107} INFO - F1-score on Artifact: 0.449
[2020-08-09 16:59:21,931] {result_logger:108} INFO - 
[2020-08-09 16:59:21,942] {result_logger:111} INFO - average precision on sleep stages: 0.594
[2020-08-09 16:59:21,952] {result_logger:113} INFO - average recall on sleep stages: 0.559
[2020-08-09 16:59:21,962] {result_logger:115} INFO - average F1-score on sleep stages: 0.469
[2020-08-09 16:59:21,962] {result_logger:130} INFO - confusion matrix for sleep stages on dataset: train
[2020-08-09 16:59:22,237] {result_logger:134} INFO - 
[[85744  6414  8877  6204  2718]
 [14148 44296  1901  5012   619]
 [16108   577 59525  8179  3579]
 [11709  5997 15820 16856   932]
 [ 5834   513  3220  1343 40407]]
[2020-08-09 16:59:22,505] {result_logger:141} INFO - 
[[ 77.98%   5.83%   8.07%   5.64%   2.47%]
 [ 21.44%  67.14%   2.88%   7.60%   0.94%]
 [ 18.31%   0.66%  67.67%   9.30%   4.07%]
 [ 22.82%  11.69%  30.83%  32.85%   1.82%]
 [ 11.37%   1.00%   6.27%   2.62%  78.74%]]
[2020-08-09 16:59:22,776] {result_logger:145} INFO - 
[[ 64.21%  11.10%   9.94%  16.50%   5.63%]
 [ 10.59%  76.64%   2.13%  13.33%   1.28%]
 [ 12.06%   1.00%  66.63%  21.76%   7.42%]
 [  8.77%  10.38%  17.71%  44.84%   1.93%]
 [  4.37%   0.89%   3.60%   3.57%  83.74%]]
[2020-08-09 16:59:22,776] {result_logger:130} INFO - confusion matrix for sleep stages on dataset: valid
[2020-08-09 16:59:22,809] {result_logger:134} INFO - 
[[27477    79     3     0   823]
 [  532  1973     0    12    28]
 [17355    81  2197   251    67]
 [  339   311     7    93     2]
 [   88     4     0     0   412]]
[2020-08-09 16:59:22,946] {result_logger:141} INFO - 
[[ 96.81%   0.28%   0.01%   0.00%   2.90%]
 [ 20.90%  77.52%   0.00%   0.47%   1.10%]
 [ 86.99%   0.41%  11.01%   1.26%   0.34%]
 [ 45.08%  41.36%   0.93%  12.37%   0.27%]
 [ 17.46%   0.79%   0.00%   0.00%  81.75%]]
[2020-08-09 16:59:23,075] {result_logger:145} INFO - 
[[ 60.01%   3.23%   0.14%   0.00%  61.79%]
 [  1.16%  80.60%   0.00%   3.37%   2.10%]
 [ 37.90%   3.31%  99.55%  70.51%   5.03%]
 [  0.74%  12.70%   0.32%  26.12%   0.15%]
 [  0.19%   0.16%   0.00%   0.00%  30.93%]]
[2020-08-09 16:59:23,345] {result_logger:74} INFO - transformation matrix for sleep stages on dataset: valid
[2020-08-09 16:59:23,345] {result_logger:77} INFO - actual:
[2020-08-09 16:59:23,346] {result_logger:78} INFO - 
[[95.59%  0.00%  4.32%  0.01%  0.07%]
 [15.28% 79.88%  4.13%  0.04%  0.67%]
 [ 4.10%  0.03% 91.89%  2.99%  1.00%]
 [ 2.66% 63.43% 13.96% 18.75%  1.20%]
 [ 4.96%  5.75% 36.51%  1.79% 50.99%]]
[2020-08-09 16:59:23,346] {result_logger:79} INFO - predicted:
[2020-08-09 16:59:23,346] {result_logger:80} INFO - 
[[94.95%  0.81%  2.35%  0.53%  1.36%]
 [21.69% 77.08%  0.00%  0.00%  1.23%]
 [45.90%  0.00% 50.61%  3.13%  0.36%]
 [33.99% 51.12%  3.37% 11.52%  0.00%]
 [48.72%  0.60%  0.15%  0.30% 50.23%]]
[2020-08-09 16:59:23,361] {train_model:82} INFO - snapshot saved to /home/users/grieger/seminar/mice_tuebingen/results/exp003/model_8conv_2fc-best.pth
[2020-08-09 16:59:23,361] {run_experiment:112} INFO - [epoch   3] execution time: 397.16s	 avg f1-score: 0.4692

[2020-08-09 16:59:23,362] {dataloader:107} INFO - data distribution in database for dataset train:
	Wake                : 203747
	REM                 : 18606
	Non REM             : 136586
	Pre REM             : 7181
	Artifact            : 412
[2020-08-09 16:59:23,377] {dataloader:134} INFO - data distribution after processing:
	Wake                : 109960
	REM                 : 65976
	Non REM             : 87968
	Pre REM             : 51315
	Artifact            : 51315
[2020-08-09 17:00:06,448] {train_model:70} INFO - Train Epoch: 4 [36352/366532 (10%)]	lr:8.84e-05	Loss: 1.565167
[2020-08-09 17:00:40,734] {train_model:70} INFO - Train Epoch: 4 [72960/366532 (20%)]	lr:8.84e-05	Loss: 0.743788
[2020-08-09 17:01:16,412] {train_model:70} INFO - Train Epoch: 4 [109568/366532 (30%)]	lr:8.84e-05	Loss: 0.994464
[2020-08-09 17:01:52,096] {train_model:70} INFO - Train Epoch: 4 [146176/366532 (40%)]	lr:8.84e-05	Loss: 0.695540
[2020-08-09 17:02:28,938] {train_model:70} INFO - Train Epoch: 4 [182784/366532 (50%)]	lr:8.84e-05	Loss: 0.687835
[2020-08-09 17:03:04,282] {train_model:70} INFO - Train Epoch: 4 [219392/366532 (60%)]	lr:8.84e-05	Loss: 0.569094
[2020-08-09 17:03:39,968] {train_model:70} INFO - Train Epoch: 4 [256000/366532 (70%)]	lr:8.84e-05	Loss: 0.615522
[2020-08-09 17:04:15,626] {train_model:70} INFO - Train Epoch: 4 [292608/366532 (80%)]	lr:8.84e-05	Loss: 0.576442
[2020-08-09 17:04:51,313] {train_model:70} INFO - Train Epoch: 4 [329216/366532 (90%)]	lr:8.84e-05	Loss: 0.555325
[2020-08-09 17:05:27,005] {train_model:70} INFO - Train Epoch: 4 [365824/366532 (100%)]	lr:8.84e-05	Loss: 0.568888
[2020-08-09 17:05:34,815] {run_experiment:78} INFO - 
[2020-08-09 17:05:34,815] {result_logger:97} INFO - scores for sleep stages on dataset: train
[2020-08-09 17:05:35,392] {result_logger:103} INFO - precision on Wake: 0.796
[2020-08-09 17:05:35,759] {result_logger:104} INFO - recall on Wake: 0.903
[2020-08-09 17:05:36,125] {result_logger:107} INFO - F1-score on Wake: 0.846
[2020-08-09 17:05:36,125] {result_logger:108} INFO - 
[2020-08-09 17:05:36,633] {result_logger:103} INFO - precision on REM: 0.842
[2020-08-09 17:05:36,980] {result_logger:104} INFO - recall on REM: 0.742
[2020-08-09 17:05:37,326] {result_logger:107} INFO - F1-score on REM: 0.789
[2020-08-09 17:05:37,326] {result_logger:108} INFO - 
[2020-08-09 17:05:37,862] {result_logger:103} INFO - precision on Non REM: 0.741
[2020-08-09 17:05:38,221] {result_logger:104} INFO - recall on Non REM: 0.800
[2020-08-09 17:05:38,578] {result_logger:107} INFO - F1-score on Non REM: 0.769
[2020-08-09 17:05:38,578] {result_logger:108} INFO - 
[2020-08-09 17:05:39,085] {result_logger:103} INFO - precision on Pre REM: 0.652
[2020-08-09 17:05:39,425] {result_logger:104} INFO - recall on Pre REM: 0.502
[2020-08-09 17:05:39,759] {result_logger:107} INFO - F1-score on Pre REM: 0.568
[2020-08-09 17:05:39,759] {result_logger:108} INFO - 
[2020-08-09 17:05:40,276] {result_logger:103} INFO - precision on Artifact: 0.870
[2020-08-09 17:05:40,610] {result_logger:104} INFO - recall on Artifact: 0.836
[2020-08-09 17:05:40,948] {result_logger:107} INFO - F1-score on Artifact: 0.852
[2020-08-09 17:05:40,948] {result_logger:108} INFO - 
[2020-08-09 17:05:41,058] {result_logger:111} INFO - average precision on sleep stages: 0.780
[2020-08-09 17:05:41,170] {result_logger:113} INFO - average recall on sleep stages: 0.756
[2020-08-09 17:05:41,279] {result_logger:115} INFO - average F1-score on sleep stages: 0.765
[2020-08-09 17:05:41,280] {result_logger:97} INFO - scores for sleep stages on dataset: valid
[2020-08-09 17:05:41,351] {result_logger:103} INFO - precision on Wake: 0.697
[2020-08-09 17:05:41,396] {result_logger:104} INFO - recall on Wake: 0.971
[2020-08-09 17:05:41,441] {result_logger:107} INFO - F1-score on Wake: 0.811
[2020-08-09 17:05:41,441] {result_logger:108} INFO - 
[2020-08-09 17:05:41,514] {result_logger:103} INFO - precision on REM: 0.791
[2020-08-09 17:05:41,557] {result_logger:104} INFO - recall on REM: 0.843
[2020-08-09 17:05:41,601] {result_logger:107} INFO - F1-score on REM: 0.816
[2020-08-09 17:05:41,601] {result_logger:108} INFO - 
[2020-08-09 17:05:41,674] {result_logger:103} INFO - precision on Non REM: 0.992
[2020-08-09 17:05:41,719] {result_logger:104} INFO - recall on Non REM: 0.365
[2020-08-09 17:05:41,767] {result_logger:107} INFO - F1-score on Non REM: 0.534
[2020-08-09 17:05:41,767] {result_logger:108} INFO - 
[2020-08-09 17:05:41,833] {result_logger:103} INFO - precision on Pre REM: 0.228
[2020-08-09 17:05:41,879] {result_logger:104} INFO - recall on Pre REM: 0.318
[2020-08-09 17:05:41,922] {result_logger:107} INFO - F1-score on Pre REM: 0.266
[2020-08-09 17:05:41,922] {result_logger:108} INFO - 
[2020-08-09 17:05:41,989] {result_logger:103} INFO - precision on Artifact: 0.308
[2020-08-09 17:05:42,035] {result_logger:104} INFO - recall on Artifact: 0.909
[2020-08-09 17:05:42,078] {result_logger:107} INFO - F1-score on Artifact: 0.460
[2020-08-09 17:05:42,078] {result_logger:108} INFO - 
[2020-08-09 17:05:42,088] {result_logger:111} INFO - average precision on sleep stages: 0.603
[2020-08-09 17:05:42,098] {result_logger:113} INFO - average recall on sleep stages: 0.681
[2020-08-09 17:05:42,108] {result_logger:115} INFO - average F1-score on sleep stages: 0.577
[2020-08-09 17:05:42,108] {result_logger:130} INFO - confusion matrix for sleep stages on dataset: train
[2020-08-09 17:05:42,366] {result_logger:134} INFO - 
[[99244  2407  5181   921  2203]
 [ 8360 48945  1386  6473   811]
 [ 8737   422 70362  5995  2452]
 [ 3215  5878 15482 25774   966]
 [ 5091   487  2503   354 42883]]
[2020-08-09 17:05:42,619] {result_logger:141} INFO - 
[[ 90.26%   2.19%   4.71%   0.84%   2.00%]
 [ 12.67%  74.19%   2.10%   9.81%   1.23%]
 [  9.93%   0.48%  79.99%   6.81%   2.79%]
 [  6.27%  11.45%  30.17%  50.23%   1.88%]
 [  9.92%   0.95%   4.88%   0.69%  83.56%]]
[2020-08-09 17:05:42,872] {result_logger:145} INFO - 
[[ 79.62%   4.14%   5.46%   2.33%   4.47%]
 [  6.71%  84.19%   1.46%  16.38%   1.64%]
 [  7.01%   0.73%  74.13%  15.17%   4.97%]
 [  2.58%  10.11%  16.31%  65.22%   1.96%]
 [  4.08%   0.84%   2.64%   0.90%  86.96%]]
[2020-08-09 17:05:42,872] {result_logger:130} INFO - confusion matrix for sleep stages on dataset: valid
[2020-08-09 17:05:42,903] {result_logger:134} INFO - 
[[27553    36     8     0   785]
 [  323  2145     4    30    43]
 [11514   185  7282   777   193]
 [  113   342    49   239     9]
 [   43     3     0     0   458]]
[2020-08-09 17:05:43,072] {result_logger:141} INFO - 
[[ 97.08%   0.13%   0.03%   0.00%   2.77%]
 [ 12.69%  84.28%   0.16%   1.18%   1.69%]
 [ 57.71%   0.93%  36.50%   3.89%   0.97%]
 [ 15.03%  45.48%   6.52%  31.78%   1.20%]
 [  8.53%   0.60%   0.00%   0.00%  90.87%]]
[2020-08-09 17:05:43,217] {result_logger:145} INFO - 
[[ 69.67%   1.33%   0.11%   0.00%  52.76%]
 [  0.82%  79.12%   0.05%   2.87%   2.89%]
 [ 29.12%   6.82%  99.17%  74.28%  12.97%]
 [  0.29%  12.62%   0.67%  22.85%   0.60%]
 [  0.11%   0.11%   0.00%   0.00%  30.78%]]
[2020-08-09 17:05:43,510] {result_logger:74} INFO - transformation matrix for sleep stages on dataset: valid
[2020-08-09 17:05:43,510] {result_logger:77} INFO - actual:
[2020-08-09 17:05:43,510] {result_logger:78} INFO - 
[[95.59%  0.00%  4.32%  0.01%  0.07%]
 [15.28% 79.88%  4.13%  0.04%  0.67%]
 [ 4.10%  0.03% 91.89%  2.99%  1.00%]
 [ 2.66% 63.43% 13.96% 18.75%  1.20%]
 [ 4.96%  5.75% 36.51%  1.79% 50.99%]]
[2020-08-09 17:05:43,510] {result_logger:79} INFO - predicted:
[2020-08-09 17:05:43,510] {result_logger:80} INFO - 
[[92.06%  0.40%  5.90%  0.41%  1.22%]
 [22.35% 75.62%  0.22%  0.33%  1.48%]
 [25.07%  0.35% 66.54%  7.04%  0.99%]
 [13.29% 43.12%  8.32% 33.17%  2.10%]
 [37.10%  1.61%  2.02%  0.74% 58.53%]]
[2020-08-09 17:05:43,543] {train_model:82} INFO - snapshot saved to /home/users/grieger/seminar/mice_tuebingen/results/exp003/model_8conv_2fc-best.pth
[2020-08-09 17:05:43,543] {run_experiment:112} INFO - [epoch   4] execution time: 380.18s	 avg f1-score: 0.5773

[2020-08-09 17:05:43,543] {dataloader:107} INFO - data distribution in database for dataset train:
	Wake                : 203747
	REM                 : 18606
	Non REM             : 136586
	Pre REM             : 7181
	Artifact            : 412
[2020-08-09 17:05:43,568] {dataloader:134} INFO - data distribution after processing:
	Wake                : 109960
	REM                 : 65976
	Non REM             : 87968
	Pre REM             : 51315
	Artifact            : 51315
[2020-08-09 17:06:19,302] {train_model:70} INFO - Train Epoch: 5 [36352/366532 (10%)]	lr:1.09e-04	Loss: 0.564021
