[2020-08-08 22:08:53,142] {logger:43} INFO - run_experiment.py, args: Namespace(experiment='exp001')
================================================================================
[2020-08-08 22:08:53,142] {logger:44} INFO - config:
[2020-08-08 22:08:53,142] {logger:45} INFO - parameter name      | parameter value
[2020-08-08 22:08:53,142] {logger:46} INFO - experiment          : exp001
[2020-08-08 22:08:53,142] {logger:46} INFO - RUN_NAME            : exp001_2020-08-08_22-08-53
[2020-08-08 22:08:53,142] {logger:46} INFO - DEVICE              : cuda
[2020-08-08 22:08:53,142] {logger:46} INFO - EXPERIMENT_DIR      : /home/users/grieger/seminar/mice_tuebingen/results/exp001
[2020-08-08 22:08:53,143] {logger:46} INFO - MODELS_DIR          : /home/users/grieger/seminar/mice_tuebingen/results/exp001/models
[2020-08-08 22:08:53,143] {logger:46} INFO - VISUALS_DIR         : /home/users/grieger/seminar/mice_tuebingen/results/exp001/visuals/exp001_2020-08-08_22-08-53
[2020-08-08 22:08:53,143] {logger:46} INFO - DATA_DIR            : /home/users/grieger/data_tuebingen_h5/data
[2020-08-08 22:08:53,143] {logger:46} INFO - SAMPLE_DURATION     : 10
[2020-08-08 22:08:53,143] {logger:46} INFO - SAMPLING_RATE       : 64
[2020-08-08 22:08:53,143] {logger:46} INFO - SCORING_MAP         : {'Wake': [1, 17], 'REM': [3, 19], 'Non REM': [2, 18], 'Pre REM': [4, 20], 'Artifact': [8, 24]}
[2020-08-08 22:08:53,143] {logger:46} INFO - STAGE_MAP           : {'Wake': 'Wake', 'REM': 'REM', 'Non REM': 'Non REM', 'Pre REM': 'Pre REM', 'Artifact': 'Artifact'}
[2020-08-08 22:08:53,143] {logger:46} INFO - DATA_SPLIT          : {'train': ['M19', 'M20', 'M21', 'M22', 'M23', 'M24', 'M25', 'M26', 'M27', 'M28', 'M29', 'M31', 'M32', 'M33'], 'valid': ['M34', 'M35'], 'test': ['M36', 'M37']}
[2020-08-08 22:08:53,143] {logger:46} INFO - DATA_FILE           : ./cache/dataset/data_tuebingen.h5
[2020-08-08 22:08:53,143] {logger:46} INFO - STAGES              : ['Wake', 'REM', 'Non REM', 'Pre REM', 'Artifact']
[2020-08-08 22:08:53,143] {logger:46} INFO - BALANCED_TRAINING   : True
[2020-08-08 22:08:53,143] {logger:46} INFO - BALANCING_WEIGHTS   : [0.3, 0.18, 0.24, 0.14, 0.14]
[2020-08-08 22:08:53,143] {logger:46} INFO - CHANNELS            : ['EEG_PR']
[2020-08-08 22:08:53,143] {logger:46} INFO - SAMPLES_LEFT        : 1
[2020-08-08 22:08:53,143] {logger:46} INFO - SAMPLES_RIGHT       : 1
[2020-08-08 22:08:53,143] {logger:46} INFO - LOG_INTERVAL        : 10
[2020-08-08 22:08:53,143] {logger:46} INFO - EXTRA_SAFE_MODELS   : False
[2020-08-08 22:08:53,143] {logger:46} INFO - BATCH_SIZE          : 256
[2020-08-08 22:08:53,143] {logger:46} INFO - DATA_FRACTION       : 1.0
[2020-08-08 22:08:53,143] {logger:46} INFO - DATA_FRACTION_STRAT : None
[2020-08-08 22:08:53,143] {logger:46} INFO - EPOCHS              : 50
[2020-08-08 22:08:53,143] {logger:46} INFO - WARMUP_EPOCHS       : 12
[2020-08-08 22:08:53,143] {logger:46} INFO - S_OPTIM_MODE        : exp
[2020-08-08 22:08:53,143] {logger:46} INFO - S_OPTIM_PARAS       : [0.06]
[2020-08-08 22:08:53,143] {logger:46} INFO - LEARNING_RATE       : 0.000256
[2020-08-08 22:08:53,143] {logger:46} INFO - OPTIMIZER           : <class 'torch.optim.adam.Adam'>
[2020-08-08 22:08:53,144] {logger:46} INFO - OPTIM_PARAS         : {}
[2020-08-08 22:08:53,144] {logger:46} INFO - L1_WEIGHT_DECAY     : 0
[2020-08-08 22:08:53,144] {logger:46} INFO - L2_WEIGHT_DECAY     : 0.0001
[2020-08-08 22:08:53,144] {logger:46} INFO - BATCH_SIZE_EVAL     : 512
[2020-08-08 22:08:53,144] {logger:46} INFO - FILTERS             : 96
[2020-08-08 22:08:53,144] {logger:46} INFO - CLASSIFIER_DROPOUT  : [0.2, 0.2]
[2020-08-08 22:08:53,144] {logger:46} INFO - FEATURE_EXTR_DROPOUT: [0.0, 0.2, 0.0, 0.2, 0.0, 0.2, 0.0, 0.2]
[2020-08-08 22:08:53,144] {logger:46} INFO - MODEL_NAME          : model_8conv_2fc
[2020-08-08 22:08:53,144] {logger:46} INFO - GAIN                : 0.0
[2020-08-08 22:08:53,144] {logger:46} INFO - FLIP                : 0.0
[2020-08-08 22:08:53,144] {logger:46} INFO - FLIP_ALL            : 0.0
[2020-08-08 22:08:53,144] {logger:46} INFO - WINDOW_WARP_SIZE    : 0.0
[2020-08-08 22:08:53,144] {logger:46} INFO - FLIP_HORI           : 0.0
[2020-08-08 22:08:53,144] {logger:46} INFO - TIME_SHIFT          : 0.0
[2020-08-08 22:08:53,144] {logger:50} INFO - 
[2020-08-08 22:08:53,144] {logger:51} INFO - ================================================================================
[2020-08-08 22:08:53,144] {logger:52} INFO - start training with model: model_8conv_2fc
[2020-08-08 22:08:53,144] {logger:53} INFO - ================================================================================
[2020-08-08 22:08:53,144] {logger:54} INFO - 
[2020-08-08 22:08:59,889] {dataloader:107} INFO - data distribution in database for dataset train:
	Wake                : 203747
	REM                 : 18606
	Non REM             : 136586
	Pre REM             : 7181
	Artifact            : 412
[2020-08-08 22:08:59,908] {dataloader:134} INFO - data distribution after processing:
	Wake                : 109960
	REM                 : 65976
	Non REM             : 87968
	Pre REM             : 51315
	Artifact            : 51315
[2020-08-08 22:09:00,834] {dataloader:107} INFO - data distribution in database for dataset valid:
	Wake                : 28382
	REM                 : 2544
	Non REM             : 19952
	Pre REM             : 752
	Artifact            : 504
[2020-08-08 22:09:00,838] {dataloader:134} INFO - data distribution after processing:
	Wake                : 28382
	REM                 : 2544
	Non REM             : 19952
	Pre REM             : 752
	Artifact            : 504
[2020-08-08 22:09:02,676] {run_experiment:47} INFO - classifier:
Model(
  (feature_extractor): Sequential(
    (0): BatchNorm1d(1, eps=1e-05, momentum=0.1, affine=True, track_running_stats=True)
    (1): Conv1d(1, 96, kernel_size=(5,), stride=(1,))
    (2): ReLU(inplace=True)
    (3): BatchNorm1d(96, eps=1e-05, momentum=0.1, affine=True, track_running_stats=True)
    (4): Dropout(p=0.0, inplace=False)
    (5): Conv1d(96, 96, kernel_size=(5,), stride=(2,))
    (6): ReLU(inplace=True)
    (7): BatchNorm1d(96, eps=1e-05, momentum=0.1, affine=True, track_running_stats=True)
    (8): Dropout(p=0.2, inplace=False)
    (9): Conv1d(96, 96, kernel_size=(5,), stride=(1,))
    (10): ReLU(inplace=True)
    (11): BatchNorm1d(96, eps=1e-05, momentum=0.1, affine=True, track_running_stats=True)
    (12): Dropout(p=0.0, inplace=False)
    (13): Conv1d(96, 96, kernel_size=(5,), stride=(2,))
    (14): ReLU(inplace=True)
    (15): BatchNorm1d(96, eps=1e-05, momentum=0.1, affine=True, track_running_stats=True)
    (16): Dropout(p=0.2, inplace=False)
    (17): Conv1d(96, 96, kernel_size=(5,), stride=(1,))
    (18): ReLU(inplace=True)
    (19): BatchNorm1d(96, eps=1e-05, momentum=0.1, affine=True, track_running_stats=True)
    (20): Dropout(p=0.0, inplace=False)
    (21): Conv1d(96, 96, kernel_size=(5,), stride=(2,))
    (22): ReLU(inplace=True)
    (23): BatchNorm1d(96, eps=1e-05, momentum=0.1, affine=True, track_running_stats=True)
    (24): Dropout(p=0.2, inplace=False)
    (25): Conv1d(96, 96, kernel_size=(5,), stride=(1,))
    (26): ReLU(inplace=True)
    (27): BatchNorm1d(96, eps=1e-05, momentum=0.1, affine=True, track_running_stats=True)
    (28): Dropout(p=0.0, inplace=False)
    (29): Conv1d(96, 96, kernel_size=(5,), stride=(2,))
    (30): ReLU(inplace=True)
    (31): BatchNorm1d(96, eps=1e-05, momentum=0.1, affine=True, track_running_stats=True)
    (32): Dropout(p=0.2, inplace=False)
  )
  (classifier): Sequential(
    (0): Dropout(p=0.2, inplace=False)
    (1): Linear(in_features=10848, out_features=80, bias=True)
    (2): ReLU(inplace=True)
    (3): Dropout(p=0.2, inplace=False)
    (4): Linear(in_features=80, out_features=5, bias=True)
  )
)
[2020-08-08 22:09:40,073] {train_model:70} INFO - Train Epoch: 1 [36352/366532 (10%)]	lr:2.56e-05	Loss: 52.891716
[2020-08-08 22:10:18,659] {train_model:70} INFO - Train Epoch: 1 [72960/366532 (20%)]	lr:2.56e-05	Loss: 37.285088
[2020-08-08 22:10:57,296] {train_model:70} INFO - Train Epoch: 1 [109568/366532 (30%)]	lr:2.56e-05	Loss: 31.355858
[2020-08-08 22:11:39,630] {train_model:70} INFO - Train Epoch: 1 [146176/366532 (40%)]	lr:2.56e-05	Loss: 25.165258
[2020-08-08 22:12:15,656] {train_model:70} INFO - Train Epoch: 1 [182784/366532 (50%)]	lr:2.56e-05	Loss: 13.090024
[2020-08-08 22:12:51,690] {train_model:70} INFO - Train Epoch: 1 [219392/366532 (60%)]	lr:2.56e-05	Loss: 9.230994
[2020-08-08 22:13:27,690] {train_model:70} INFO - Train Epoch: 1 [256000/366532 (70%)]	lr:2.56e-05	Loss: 5.454725
[2020-08-08 22:14:03,731] {train_model:70} INFO - Train Epoch: 1 [292608/366532 (80%)]	lr:2.56e-05	Loss: 2.373157
[2020-08-08 22:14:39,816] {train_model:70} INFO - Train Epoch: 1 [329216/366532 (90%)]	lr:2.56e-05	Loss: 8.916412
[2020-08-08 22:15:15,894] {train_model:70} INFO - Train Epoch: 1 [365824/366532 (100%)]	lr:2.56e-05	Loss: 2.476513
[2020-08-08 22:15:23,694] {run_experiment:78} INFO - 
[2020-08-08 22:15:23,695] {result_logger:97} INFO - scores for sleep stages on dataset: train
[2020-08-08 22:15:24,271] {result_logger:103} INFO - precision on Wake: 0.446
[2020-08-08 22:15:24,641] {result_logger:104} INFO - recall on Wake: 0.442
[2020-08-08 22:15:25,010] {result_logger:107} INFO - F1-score on Wake: 0.444
[2020-08-08 22:15:25,010] {result_logger:108} INFO - 
[2020-08-08 22:15:25,523] {result_logger:103} INFO - precision on REM: 0.267
[2020-08-08 22:15:25,868] {result_logger:104} INFO - recall on REM: 0.236
[2020-08-08 22:15:26,208] {result_logger:107} INFO - F1-score on REM: 0.250
[2020-08-08 22:15:26,209] {result_logger:108} INFO - 
[2020-08-08 22:15:26,745] {result_logger:103} INFO - precision on Non REM: 0.352
[2020-08-08 22:15:27,104] {result_logger:104} INFO - recall on Non REM: 0.379
[2020-08-08 22:15:27,463] {result_logger:107} INFO - F1-score on Non REM: 0.365
[2020-08-08 22:15:27,463] {result_logger:108} INFO - 
[2020-08-08 22:15:27,977] {result_logger:103} INFO - precision on Pre REM: 0.199
[2020-08-08 22:15:28,319] {result_logger:104} INFO - recall on Pre REM: 0.162
[2020-08-08 22:15:28,677] {result_logger:107} INFO - F1-score on Pre REM: 0.179
[2020-08-08 22:15:28,677] {result_logger:108} INFO - 
[2020-08-08 22:15:29,227] {result_logger:103} INFO - precision on Artifact: 0.624
[2020-08-08 22:15:29,594] {result_logger:104} INFO - recall on Artifact: 0.759
[2020-08-08 22:15:29,969] {result_logger:107} INFO - F1-score on Artifact: 0.685
[2020-08-08 22:15:29,970] {result_logger:108} INFO - 
[2020-08-08 22:15:30,095] {result_logger:111} INFO - average precision on sleep stages: 0.377
[2020-08-08 22:15:30,217] {result_logger:113} INFO - average recall on sleep stages: 0.396
[2020-08-08 22:15:30,338] {result_logger:115} INFO - average F1-score on sleep stages: 0.384
[2020-08-08 22:15:30,339] {result_logger:97} INFO - scores for sleep stages on dataset: valid
[2020-08-08 22:15:30,415] {result_logger:103} INFO - precision on Wake: 0.574
[2020-08-08 22:15:30,463] {result_logger:104} INFO - recall on Wake: 0.868
[2020-08-08 22:15:30,510] {result_logger:107} INFO - F1-score on Wake: 0.691
[2020-08-08 22:15:30,510] {result_logger:108} INFO - 
[2020-08-08 22:15:30,580] {result_logger:103} INFO - precision on REM: 0.103
[2020-08-08 22:15:30,626] {result_logger:104} INFO - recall on REM: 0.224
[2020-08-08 22:15:30,673] {result_logger:107} INFO - F1-score on REM: 0.142
[2020-08-08 22:15:30,673] {result_logger:108} INFO - 
[2020-08-08 22:15:30,746] {result_logger:103} INFO - precision on Non REM: 0.559
[2020-08-08 22:15:30,792] {result_logger:104} INFO - recall on Non REM: 0.013
[2020-08-08 22:15:30,839] {result_logger:107} INFO - F1-score on Non REM: 0.025
[2020-08-08 22:15:30,839] {result_logger:108} INFO - 
[2020-08-08 22:15:30,911] {result_logger:103} INFO - precision on Pre REM: 0.029
[2020-08-08 22:15:30,954] {result_logger:104} INFO - recall on Pre REM: 0.008
[2020-08-08 22:15:31,000] {result_logger:107} INFO - F1-score on Pre REM: 0.012
[2020-08-08 22:15:31,000] {result_logger:108} INFO - 
[2020-08-08 22:15:31,069] {result_logger:103} INFO - precision on Artifact: 0.164
[2020-08-08 22:15:31,113] {result_logger:104} INFO - recall on Artifact: 0.984
[2020-08-08 22:15:31,159] {result_logger:107} INFO - F1-score on Artifact: 0.281
[2020-08-08 22:15:31,159] {result_logger:108} INFO - 
[2020-08-08 22:15:31,170] {result_logger:111} INFO - average precision on sleep stages: 0.286
[2020-08-08 22:15:31,181] {result_logger:113} INFO - average recall on sleep stages: 0.419
[2020-08-08 22:15:31,191] {result_logger:115} INFO - average F1-score on sleep stages: 0.230
[2020-08-08 22:15:31,191] {result_logger:130} INFO - confusion matrix for sleep stages on dataset: train
[2020-08-08 22:15:31,454] {result_logger:134} INFO - 
[[48604 19934 23455 11241  6725]
 [23658 15548 14709  8214  3846]
 [20970 12471 33313 12452  8762]
 [12528  9151 17136  8324  4176]
 [ 3295  1231  6135  1689 38965]]
[2020-08-08 22:15:31,717] {result_logger:141} INFO - 
[[ 44.20%  18.13%  21.33%  10.22%   6.12%]
 [ 35.86%  23.57%  22.29%  12.45%   5.83%]
 [ 23.84%  14.18%  37.87%  14.16%   9.96%]
 [ 24.41%  17.83%  33.39%  16.22%   8.14%]
 [  6.42%   2.40%  11.96%   3.29%  75.93%]]
[2020-08-08 22:15:31,982] {result_logger:145} INFO - 
[[ 44.57%  34.17%  24.76%  26.82%  10.76%]
 [ 21.69%  26.65%  15.52%  19.59%   6.16%]
 [ 19.23%  21.38%  35.16%  29.70%  14.03%]
 [ 11.49%  15.69%  18.09%  19.86%   6.68%]
 [  3.02%   2.11%   6.48%   4.03%  62.37%]]
[2020-08-08 22:15:31,982] {result_logger:130} INFO - confusion matrix for sleep stages on dataset: valid
[2020-08-08 22:15:32,013] {result_logger:134} INFO - 
[[24622  1728   171    63  1798]
 [ 1840   571    18     9   107]
 [15898  3071   254   131   597]
 [  565   151     6     6    24]
 [    1     1     5     1   496]]
[2020-08-08 22:15:32,185] {result_logger:141} INFO - 
[[ 86.75%   6.09%   0.60%   0.22%   6.34%]
 [ 72.30%  22.44%   0.71%   0.35%   4.20%]
 [ 79.69%  15.39%   1.27%   0.66%   2.99%]
 [ 75.13%  20.08%   0.80%   0.80%   3.19%]
 [  0.20%   0.20%   0.99%   0.20%  98.41%]]
[2020-08-08 22:15:32,307] {result_logger:145} INFO - 
[[ 57.36%  31.29%  37.67%  30.00%  59.50%]
 [  4.29%  10.34%   3.96%   4.29%   3.54%]
 [ 37.04%  55.61%  55.95%  62.38%  19.76%]
 [  1.32%   2.73%   1.32%   2.86%   0.79%]
 [  0.00%   0.02%   1.10%   0.48%  16.41%]]
[2020-08-08 22:15:32,563] {result_logger:74} INFO - transformation matrix for sleep stages on dataset: valid
[2020-08-08 22:15:32,563] {result_logger:77} INFO - actual:
[2020-08-08 22:15:32,563] {result_logger:78} INFO - 
[[95.59%  0.00%  4.32%  0.01%  0.07%]
 [15.28% 79.88%  4.13%  0.04%  0.67%]
 [ 4.10%  0.03% 91.89%  2.99%  1.00%]
 [ 2.66% 63.43% 13.96% 18.75%  1.20%]
 [ 4.96%  5.75% 36.51%  1.79% 50.99%]]
[2020-08-08 22:15:32,563] {result_logger:79} INFO - predicted:
[2020-08-08 22:15:32,563] {result_logger:80} INFO - 
[[87.89% 10.22%  0.51%  0.14%  1.24%]
 [78.02% 17.33%  1.74%  0.71%  2.21%]
 [37.00% 11.89%  9.69%  4.19% 37.22%]
 [58.10% 15.71%  7.62%  5.71% 12.86%]
 [19.82%  3.04%  2.65%  2.68% 71.81%]]
[2020-08-08 22:15:32,578] {train_model:82} INFO - snapshot saved to /home/users/grieger/seminar/mice_tuebingen/results/exp001/model_8conv_2fc-best.pth
[2020-08-08 22:15:32,578] {run_experiment:112} INFO - [epoch   1] execution time: 389.90s	 avg f1-score: 0.2302

[2020-08-08 22:15:32,579] {dataloader:107} INFO - data distribution in database for dataset train:
	Wake                : 203747
	REM                 : 18606
	Non REM             : 136586
	Pre REM             : 7181
	Artifact            : 412
[2020-08-08 22:15:32,595] {dataloader:134} INFO - data distribution after processing:
	Wake                : 109960
	REM                 : 65976
	Non REM             : 87968
	Pre REM             : 51315
	Artifact            : 51315
[2020-08-08 22:16:13,556] {train_model:70} INFO - Train Epoch: 2 [36352/366532 (10%)]	lr:4.65e-05	Loss: 5.653473
[2020-08-08 22:16:49,343] {train_model:70} INFO - Train Epoch: 2 [72960/366532 (20%)]	lr:4.65e-05	Loss: 6.081100
[2020-08-08 22:17:25,171] {train_model:70} INFO - Train Epoch: 2 [109568/366532 (30%)]	lr:4.65e-05	Loss: 7.032881
[2020-08-08 22:18:01,024] {train_model:70} INFO - Train Epoch: 2 [146176/366532 (40%)]	lr:4.65e-05	Loss: 1.385751
[2020-08-08 22:18:36,891] {train_model:70} INFO - Train Epoch: 2 [182784/366532 (50%)]	lr:4.65e-05	Loss: 3.293201
[2020-08-08 22:19:12,767] {train_model:70} INFO - Train Epoch: 2 [219392/366532 (60%)]	lr:4.65e-05	Loss: 1.081858
[2020-08-08 22:19:48,675] {train_model:70} INFO - Train Epoch: 2 [256000/366532 (70%)]	lr:4.65e-05	Loss: 1.641469
[2020-08-08 22:20:24,694] {train_model:70} INFO - Train Epoch: 2 [292608/366532 (80%)]	lr:4.65e-05	Loss: 2.866589
[2020-08-08 22:21:07,505] {train_model:70} INFO - Train Epoch: 2 [329216/366532 (90%)]	lr:4.65e-05	Loss: 1.278068
[2020-08-08 22:21:42,979] {train_model:70} INFO - Train Epoch: 2 [365824/366532 (100%)]	lr:4.65e-05	Loss: 1.151903
[2020-08-08 22:21:50,757] {run_experiment:78} INFO - 
[2020-08-08 22:21:50,758] {result_logger:97} INFO - scores for sleep stages on dataset: train
[2020-08-08 22:21:51,338] {result_logger:103} INFO - precision on Wake: 0.541
[2020-08-08 22:21:51,708] {result_logger:104} INFO - recall on Wake: 0.699
[2020-08-08 22:21:52,075] {result_logger:107} INFO - F1-score on Wake: 0.610
[2020-08-08 22:21:52,075] {result_logger:108} INFO - 
[2020-08-08 22:21:52,611] {result_logger:103} INFO - precision on REM: 0.474
[2020-08-08 22:21:52,963] {result_logger:104} INFO - recall on REM: 0.477
[2020-08-08 22:21:53,329] {result_logger:107} INFO - F1-score on REM: 0.475
[2020-08-08 22:21:53,329] {result_logger:108} INFO - 
[2020-08-08 22:21:53,878] {result_logger:103} INFO - precision on Non REM: 0.560
[2020-08-08 22:21:54,232] {result_logger:104} INFO - recall on Non REM: 0.507
[2020-08-08 22:21:54,597] {result_logger:107} INFO - F1-score on Non REM: 0.532
[2020-08-08 22:21:54,597] {result_logger:108} INFO - 
[2020-08-08 22:21:55,118] {result_logger:103} INFO - precision on Pre REM: 0.319
[2020-08-08 22:21:55,465] {result_logger:104} INFO - recall on Pre REM: 0.203
[2020-08-08 22:21:55,819] {result_logger:107} INFO - F1-score on Pre REM: 0.248
[2020-08-08 22:21:55,819] {result_logger:108} INFO - 
[2020-08-08 22:21:56,332] {result_logger:103} INFO - precision on Artifact: 0.902
[2020-08-08 22:21:56,680] {result_logger:104} INFO - recall on Artifact: 0.806
[2020-08-08 22:21:57,022] {result_logger:107} INFO - F1-score on Artifact: 0.852
[2020-08-08 22:21:57,022] {result_logger:108} INFO - 
[2020-08-08 22:21:57,137] {result_logger:111} INFO - average precision on sleep stages: 0.559
[2020-08-08 22:21:57,255] {result_logger:113} INFO - average recall on sleep stages: 0.538
[2020-08-08 22:21:57,372] {result_logger:115} INFO - average F1-score on sleep stages: 0.543
[2020-08-08 22:21:57,373] {result_logger:97} INFO - scores for sleep stages on dataset: valid
[2020-08-08 22:21:57,445] {result_logger:103} INFO - precision on Wake: 0.588
[2020-08-08 22:21:57,498] {result_logger:104} INFO - recall on Wake: 0.925
[2020-08-08 22:21:57,543] {result_logger:107} INFO - F1-score on Wake: 0.719
[2020-08-08 22:21:57,543] {result_logger:108} INFO - 
[2020-08-08 22:21:57,615] {result_logger:103} INFO - precision on REM: 0.706
[2020-08-08 22:21:57,658] {result_logger:104} INFO - recall on REM: 0.689
[2020-08-08 22:21:57,705] {result_logger:107} INFO - F1-score on REM: 0.698
[2020-08-08 22:21:57,705] {result_logger:108} INFO - 
[2020-08-08 22:21:57,777] {result_logger:103} INFO - precision on Non REM: 0.960
[2020-08-08 22:21:57,823] {result_logger:104} INFO - recall on Non REM: 0.106
[2020-08-08 22:21:57,869] {result_logger:107} INFO - F1-score on Non REM: 0.190
[2020-08-08 22:21:57,869] {result_logger:108} INFO - 
[2020-08-08 22:21:57,940] {result_logger:103} INFO - precision on Pre REM: 0.053
[2020-08-08 22:21:57,985] {result_logger:104} INFO - recall on Pre REM: 0.005
[2020-08-08 22:21:58,030] {result_logger:107} INFO - F1-score on Pre REM: 0.010
[2020-08-08 22:21:58,030] {result_logger:108} INFO - 
[2020-08-08 22:21:58,098] {result_logger:103} INFO - precision on Artifact: 0.179
[2020-08-08 22:21:58,141] {result_logger:104} INFO - recall on Artifact: 0.970
[2020-08-08 22:21:58,185] {result_logger:107} INFO - F1-score on Artifact: 0.302
[2020-08-08 22:21:58,185] {result_logger:108} INFO - 
[2020-08-08 22:21:58,197] {result_logger:111} INFO - average precision on sleep stages: 0.497
[2020-08-08 22:21:58,206] {result_logger:113} INFO - average recall on sleep stages: 0.539
[2020-08-08 22:21:58,216] {result_logger:115} INFO - average F1-score on sleep stages: 0.384
[2020-08-08 22:21:58,216] {result_logger:130} INFO - confusion matrix for sleep stages on dataset: train
[2020-08-08 22:21:58,472] {result_logger:134} INFO - 
[[76889 17026 10121  4479  1444]
 [24799 31449  5004  4177   547]
 [21539  7428 44628 12460  1913]
 [14572  9430 16341 10394   577]
 [ 4307   969  3578  1093 41368]]
[2020-08-08 22:21:58,721] {result_logger:141} INFO - 
[[ 69.93%  15.48%   9.20%   4.07%   1.31%]
 [ 37.59%  47.67%   7.58%   6.33%   0.83%]
 [ 24.49%   8.44%  50.73%  14.16%   2.17%]
 [ 28.40%  18.38%  31.85%  20.26%   1.12%]
 [  8.39%   1.89%   6.97%   2.13%  80.62%]]
[2020-08-08 22:21:58,978] {result_logger:145} INFO - 
[[ 54.11%  25.68%  12.70%  13.74%   3.15%]
 [ 17.45%  47.43%   6.28%  12.81%   1.19%]
 [ 15.16%  11.20%  56.01%  38.22%   4.17%]
 [ 10.25%  14.22%  20.51%  31.88%   1.26%]
 [  3.03%   1.46%   4.49%   3.35%  90.23%]]
[2020-08-08 22:21:58,978] {result_logger:130} INFO - confusion matrix for sleep stages on dataset: valid
[2020-08-08 22:21:59,009] {result_logger:134} INFO - 
[[26256   386    74    28  1638]
 [  687  1754     5     3    96]
 [17203   112  2106    39   491]
 [  494   230     3     4    21]
 [    6     1     6     2   489]]
[2020-08-08 22:21:59,139] {result_logger:141} INFO - 
[[ 92.51%   1.36%   0.26%   0.10%   5.77%]
 [ 26.99%  68.92%   0.20%   0.12%   3.77%]
 [ 86.23%   0.56%  10.56%   0.20%   2.46%]
 [ 65.69%  30.59%   0.40%   0.53%   2.79%]
 [  1.19%   0.20%   1.19%   0.40%  97.02%]]
[2020-08-08 22:21:59,276] {result_logger:145} INFO - 
[[ 58.81%  15.55%   3.37%  36.84%  59.89%]
 [  1.54%  70.64%   0.23%   3.95%   3.51%]
 [ 38.53%   4.51%  95.99%  51.32%  17.95%]
 [  1.11%   9.26%   0.14%   5.26%   0.77%]
 [  0.01%   0.04%   0.27%   2.63%  17.88%]]
[2020-08-08 22:21:59,680] {result_logger:74} INFO - transformation matrix for sleep stages on dataset: valid
[2020-08-08 22:21:59,680] {result_logger:77} INFO - actual:
[2020-08-08 22:21:59,680] {result_logger:78} INFO - 
[[95.59%  0.00%  4.32%  0.01%  0.07%]
 [15.28% 79.88%  4.13%  0.04%  0.67%]
 [ 4.10%  0.03% 91.89%  2.99%  1.00%]
 [ 2.66% 63.43% 13.96% 18.75%  1.20%]
 [ 4.96%  5.75% 36.51%  1.79% 50.99%]]
[2020-08-08 22:21:59,680] {result_logger:79} INFO - predicted:
[2020-08-08 22:21:59,680] {result_logger:80} INFO - 
[[94.73%  1.54%  2.37%  0.05%  1.31%]
 [28.27% 68.87%  0.52%  0.12%  2.22%]
 [45.26%  0.46% 47.95%  0.64%  5.70%]
 [68.42%  9.21% 13.16%  0.00%  9.21%]
 [22.12%  2.49%  2.23%  1.32% 71.85%]]
[2020-08-08 22:21:59,702] {train_model:82} INFO - snapshot saved to /home/users/grieger/seminar/mice_tuebingen/results/exp001/model_8conv_2fc-best.pth
[2020-08-08 22:21:59,702] {run_experiment:112} INFO - [epoch   2] execution time: 387.12s	 avg f1-score: 0.3837

[2020-08-08 22:21:59,702] {dataloader:107} INFO - data distribution in database for dataset train:
	Wake                : 203747
	REM                 : 18606
	Non REM             : 136586
	Pre REM             : 7181
	Artifact            : 412
[2020-08-08 22:21:59,724] {dataloader:134} INFO - data distribution after processing:
	Wake                : 109960
	REM                 : 65976
	Non REM             : 87968
	Pre REM             : 51315
	Artifact            : 51315
[2020-08-08 22:22:35,810] {train_model:70} INFO - Train Epoch: 3 [36352/366532 (10%)]	lr:6.75e-05	Loss: 2.723178
[2020-08-08 22:23:11,681] {train_model:70} INFO - Train Epoch: 3 [72960/366532 (20%)]	lr:6.75e-05	Loss: 1.145532
[2020-08-08 22:23:47,534] {train_model:70} INFO - Train Epoch: 3 [109568/366532 (30%)]	lr:6.75e-05	Loss: 2.036530
[2020-08-08 22:24:23,406] {train_model:70} INFO - Train Epoch: 3 [146176/366532 (40%)]	lr:6.75e-05	Loss: 1.163001
[2020-08-08 22:25:00,516] {train_model:70} INFO - Train Epoch: 3 [182784/366532 (50%)]	lr:6.75e-05	Loss: 1.026445
[2020-08-08 22:25:41,434] {train_model:70} INFO - Train Epoch: 3 [219392/366532 (60%)]	lr:6.75e-05	Loss: 0.826386
[2020-08-08 22:26:17,366] {train_model:70} INFO - Train Epoch: 3 [256000/366532 (70%)]	lr:6.75e-05	Loss: 3.394703
[2020-08-08 22:26:53,420] {train_model:70} INFO - Train Epoch: 3 [292608/366532 (80%)]	lr:6.75e-05	Loss: 3.017472
[2020-08-08 22:27:29,495] {train_model:70} INFO - Train Epoch: 3 [329216/366532 (90%)]	lr:6.75e-05	Loss: 1.220453
[2020-08-08 22:28:05,561] {train_model:70} INFO - Train Epoch: 3 [365824/366532 (100%)]	lr:6.75e-05	Loss: 4.023021
[2020-08-08 22:28:13,369] {run_experiment:78} INFO - 
[2020-08-08 22:28:13,370] {result_logger:97} INFO - scores for sleep stages on dataset: train
[2020-08-08 22:28:13,935] {result_logger:103} INFO - precision on Wake: 0.685
[2020-08-08 22:28:14,303] {result_logger:104} INFO - recall on Wake: 0.806
[2020-08-08 22:28:14,673] {result_logger:107} INFO - F1-score on Wake: 0.740
[2020-08-08 22:28:14,673] {result_logger:108} INFO - 
[2020-08-08 22:28:15,197] {result_logger:103} INFO - precision on REM: 0.747
[2020-08-08 22:28:15,541] {result_logger:104} INFO - recall on REM: 0.693
[2020-08-08 22:28:15,887] {result_logger:107} INFO - F1-score on REM: 0.719
[2020-08-08 22:28:15,887] {result_logger:108} INFO - 
[2020-08-08 22:28:16,422] {result_logger:103} INFO - precision on Non REM: 0.650
[2020-08-08 22:28:16,793] {result_logger:104} INFO - recall on Non REM: 0.726
[2020-08-08 22:28:17,157] {result_logger:107} INFO - F1-score on Non REM: 0.686
[2020-08-08 22:28:17,157] {result_logger:108} INFO - 
[2020-08-08 22:28:17,667] {result_logger:103} INFO - precision on Pre REM: 0.519
[2020-08-08 22:28:18,009] {result_logger:104} INFO - recall on Pre REM: 0.321
[2020-08-08 22:28:18,346] {result_logger:107} INFO - F1-score on Pre REM: 0.397
[2020-08-08 22:28:18,346] {result_logger:108} INFO - 
[2020-08-08 22:28:18,869] {result_logger:103} INFO - precision on Artifact: 0.908
[2020-08-08 22:28:19,221] {result_logger:104} INFO - recall on Artifact: 0.813
[2020-08-08 22:28:19,558] {result_logger:107} INFO - F1-score on Artifact: 0.858
[2020-08-08 22:28:19,558] {result_logger:108} INFO - 
[2020-08-08 22:28:19,671] {result_logger:111} INFO - average precision on sleep stages: 0.702
[2020-08-08 22:28:19,782] {result_logger:113} INFO - average recall on sleep stages: 0.672
[2020-08-08 22:28:19,895] {result_logger:115} INFO - average F1-score on sleep stages: 0.680
[2020-08-08 22:28:19,897] {result_logger:97} INFO - scores for sleep stages on dataset: valid
[2020-08-08 22:28:19,969] {result_logger:103} INFO - precision on Wake: 0.611
[2020-08-08 22:28:20,013] {result_logger:104} INFO - recall on Wake: 0.932
[2020-08-08 22:28:20,058] {result_logger:107} INFO - F1-score on Wake: 0.738
[2020-08-08 22:28:20,058] {result_logger:108} INFO - 
[2020-08-08 22:28:20,125] {result_logger:103} INFO - precision on REM: 0.654
[2020-08-08 22:28:20,169] {result_logger:104} INFO - recall on REM: 0.816
[2020-08-08 22:28:20,212] {result_logger:107} INFO - F1-score on REM: 0.726
[2020-08-08 22:28:20,212] {result_logger:108} INFO - 
[2020-08-08 22:28:20,304] {result_logger:103} INFO - precision on Non REM: 0.986
[2020-08-08 22:28:20,348] {result_logger:104} INFO - recall on Non REM: 0.128
[2020-08-08 22:28:20,396] {result_logger:107} INFO - F1-score on Non REM: 0.227
[2020-08-08 22:28:20,396] {result_logger:108} INFO - 
[2020-08-08 22:28:20,464] {result_logger:103} INFO - precision on Pre REM: 0.104
[2020-08-08 22:28:20,507] {result_logger:104} INFO - recall on Pre REM: 0.065
[2020-08-08 22:28:20,552] {result_logger:107} INFO - F1-score on Pre REM: 0.080
[2020-08-08 22:28:20,552] {result_logger:108} INFO - 
[2020-08-08 22:28:20,620] {result_logger:103} INFO - precision on Artifact: 0.186
[2020-08-08 22:28:20,666] {result_logger:104} INFO - recall on Artifact: 0.960
[2020-08-08 22:28:20,709] {result_logger:107} INFO - F1-score on Artifact: 0.311
[2020-08-08 22:28:20,709] {result_logger:108} INFO - 
[2020-08-08 22:28:20,718] {result_logger:111} INFO - average precision on sleep stages: 0.508
[2020-08-08 22:28:20,728] {result_logger:113} INFO - average recall on sleep stages: 0.580
[2020-08-08 22:28:20,738] {result_logger:115} INFO - average F1-score on sleep stages: 0.416
[2020-08-08 22:28:20,738] {result_logger:130} INFO - confusion matrix for sleep stages on dataset: train
[2020-08-08 22:28:20,985] {result_logger:134} INFO - 
[[88630  6785 10255  2933  1358]
 [12927 45697  2359  4530   463]
 [14270   910 63855  7049  1883]
 [ 9069  7218 18050 16463   515]
 [ 4566   565  3765   725 41692]]
[2020-08-08 22:28:21,240] {result_logger:141} INFO - 
[[ 80.60%   6.17%   9.33%   2.67%   1.23%]
 [ 19.59%  69.26%   3.58%   6.87%   0.70%]
 [ 16.22%   1.03%  72.59%   8.01%   2.14%]
 [ 17.67%  14.07%  35.17%  32.08%   1.00%]
 [  8.90%   1.10%   7.34%   1.41%  81.25%]]
[2020-08-08 22:28:21,499] {result_logger:145} INFO - 
[[ 68.46%  11.09%  10.43%   9.25%   2.96%]
 [  9.99%  74.70%   2.40%  14.29%   1.01%]
 [ 11.02%   1.49%  64.97%  22.24%   4.10%]
 [  7.01%  11.80%  18.37%  51.93%   1.12%]
 [  3.53%   0.92%   3.83%   2.29%  90.81%]]
[2020-08-08 22:28:21,499] {result_logger:130} INFO - confusion matrix for sleep stages on dataset: valid
[2020-08-08 22:28:21,530] {result_logger:134} INFO - 
[[26457   332    23    11  1559]
 [  378  2077     0     2    88]
 [16152   376  2554   409   460]
 [  291   388     7    49    17]
 [    7     5     7     1   484]]
[2020-08-08 22:28:21,655] {result_logger:141} INFO - 
[[ 93.22%   1.17%   0.08%   0.04%   5.49%]
 [ 14.85%  81.61%   0.00%   0.08%   3.46%]
 [ 80.96%   1.88%  12.80%   2.05%   2.31%]
 [ 38.70%  51.60%   0.93%   6.52%   2.26%]
 [  1.39%   0.99%   1.39%   0.20%  96.03%]]
[2020-08-08 22:28:21,795] {result_logger:145} INFO - 
[[ 61.12%  10.45%   0.89%   2.33%  59.78%]
 [  0.87%  65.36%   0.00%   0.42%   3.37%]
 [ 37.32%  11.83%  98.57%  86.65%  17.64%]
 [  0.67%  12.21%   0.27%  10.38%   0.65%]
 [  0.02%   0.16%   0.27%   0.21%  18.56%]]
[2020-08-08 22:28:22,042] {result_logger:74} INFO - transformation matrix for sleep stages on dataset: valid
[2020-08-08 22:28:22,042] {result_logger:77} INFO - actual:
[2020-08-08 22:28:22,042] {result_logger:78} INFO - 
[[95.59%  0.00%  4.32%  0.01%  0.07%]
 [15.28% 79.88%  4.13%  0.04%  0.67%]
 [ 4.10%  0.03% 91.89%  2.99%  1.00%]
 [ 2.66% 63.43% 13.96% 18.75%  1.20%]
 [ 4.96%  5.75% 36.51%  1.79% 50.99%]]
[2020-08-08 22:28:22,042] {result_logger:79} INFO - predicted:
[2020-08-08 22:28:22,042] {result_logger:80} INFO - 
[[94.69%  1.47%  2.13%  0.44%  1.27%]
 [25.46% 70.08%  0.50%  0.63%  3.34%]
 [31.34%  0.23% 60.21%  5.79%  2.43%]
 [31.36% 33.90% 11.02% 19.70%  4.03%]
 [20.28%  5.67%  1.65%  0.65% 71.74%]]
[2020-08-08 22:28:22,057] {train_model:82} INFO - snapshot saved to /home/users/grieger/seminar/mice_tuebingen/results/exp001/model_8conv_2fc-best.pth
[2020-08-08 22:28:22,057] {run_experiment:112} INFO - [epoch   3] execution time: 382.35s	 avg f1-score: 0.4164

[2020-08-08 22:28:22,057] {dataloader:107} INFO - data distribution in database for dataset train:
	Wake                : 203747
	REM                 : 18606
	Non REM             : 136586
	Pre REM             : 7181
	Artifact            : 412
[2020-08-08 22:28:22,071] {dataloader:134} INFO - data distribution after processing:
	Wake                : 109960
	REM                 : 65976
	Non REM             : 87968
	Pre REM             : 51315
	Artifact            : 51315
[2020-08-08 22:28:58,133] {train_model:70} INFO - Train Epoch: 4 [36352/366532 (10%)]	lr:8.84e-05	Loss: 1.617964
[2020-08-08 22:29:40,465] {train_model:70} INFO - Train Epoch: 4 [72960/366532 (20%)]	lr:8.84e-05	Loss: 1.408702
[2020-08-08 22:30:15,778] {train_model:70} INFO - Train Epoch: 4 [109568/366532 (30%)]	lr:8.84e-05	Loss: 10.677652
[2020-08-08 22:30:51,670] {train_model:70} INFO - Train Epoch: 4 [146176/366532 (40%)]	lr:8.84e-05	Loss: 5.351855
[2020-08-08 22:31:27,541] {train_model:70} INFO - Train Epoch: 4 [182784/366532 (50%)]	lr:8.84e-05	Loss: 3.818378
[2020-08-08 22:32:03,435] {train_model:70} INFO - Train Epoch: 4 [219392/366532 (60%)]	lr:8.84e-05	Loss: 1.274447
[2020-08-08 22:32:39,339] {train_model:70} INFO - Train Epoch: 4 [256000/366532 (70%)]	lr:8.84e-05	Loss: 4.831099
[2020-08-08 22:33:15,283] {train_model:70} INFO - Train Epoch: 4 [292608/366532 (80%)]	lr:8.84e-05	Loss: 0.763124
[2020-08-08 22:33:51,296] {train_model:70} INFO - Train Epoch: 4 [329216/366532 (90%)]	lr:8.84e-05	Loss: 6.109737
[2020-08-08 22:34:31,891] {train_model:70} INFO - Train Epoch: 4 [365824/366532 (100%)]	lr:8.84e-05	Loss: 0.990606
[2020-08-08 22:34:41,839] {run_experiment:78} INFO - 
[2020-08-08 22:34:41,840] {result_logger:97} INFO - scores for sleep stages on dataset: train
[2020-08-08 22:34:42,415] {result_logger:103} INFO - precision on Wake: 0.761
[2020-08-08 22:34:42,776] {result_logger:104} INFO - recall on Wake: 0.853
[2020-08-08 22:34:43,146] {result_logger:107} INFO - F1-score on Wake: 0.804
[2020-08-08 22:34:43,146] {result_logger:108} INFO - 
[2020-08-08 22:34:43,667] {result_logger:103} INFO - precision on REM: 0.788
[2020-08-08 22:34:44,010] {result_logger:104} INFO - recall on REM: 0.744
[2020-08-08 22:34:44,363] {result_logger:107} INFO - F1-score on REM: 0.765
[2020-08-08 22:34:44,363] {result_logger:108} INFO - 
[2020-08-08 22:34:44,878] {result_logger:103} INFO - precision on Non REM: 0.693
[2020-08-08 22:34:45,232] {result_logger:104} INFO - recall on Non REM: 0.766
[2020-08-08 22:34:45,581] {result_logger:107} INFO - F1-score on Non REM: 0.728
[2020-08-08 22:34:45,581] {result_logger:108} INFO - 
[2020-08-08 22:34:46,090] {result_logger:103} INFO - precision on Pre REM: 0.619
[2020-08-08 22:34:46,425] {result_logger:104} INFO - recall on Pre REM: 0.425
[2020-08-08 22:34:46,774] {result_logger:107} INFO - F1-score on Pre REM: 0.504
[2020-08-08 22:34:46,774] {result_logger:108} INFO - 
[2020-08-08 22:34:47,278] {result_logger:103} INFO - precision on Artifact: 0.869
[2020-08-08 22:34:47,625] {result_logger:104} INFO - recall on Artifact: 0.823
[2020-08-08 22:34:47,975] {result_logger:107} INFO - F1-score on Artifact: 0.845
[2020-08-08 22:34:47,976] {result_logger:108} INFO - 
[2020-08-08 22:34:48,096] {result_logger:111} INFO - average precision on sleep stages: 0.746
[2020-08-08 22:34:48,210] {result_logger:113} INFO - average recall on sleep stages: 0.722
[2020-08-08 22:34:48,330] {result_logger:115} INFO - average F1-score on sleep stages: 0.729
[2020-08-08 22:34:48,331] {result_logger:97} INFO - scores for sleep stages on dataset: valid
[2020-08-08 22:34:48,400] {result_logger:103} INFO - precision on Wake: 0.753
[2020-08-08 22:34:48,446] {result_logger:104} INFO - recall on Wake: 0.932
[2020-08-08 22:34:48,494] {result_logger:107} INFO - F1-score on Wake: 0.833
[2020-08-08 22:34:48,494] {result_logger:108} INFO - 
[2020-08-08 22:34:48,566] {result_logger:103} INFO - precision on REM: 0.574
[2020-08-08 22:34:48,611] {result_logger:104} INFO - recall on REM: 0.888
[2020-08-08 22:34:48,655] {result_logger:107} INFO - F1-score on REM: 0.697
[2020-08-08 22:34:48,655] {result_logger:108} INFO - 
[2020-08-08 22:34:48,728] {result_logger:103} INFO - precision on Non REM: 0.991
[2020-08-08 22:34:48,774] {result_logger:104} INFO - recall on Non REM: 0.372
[2020-08-08 22:34:48,821] {result_logger:107} INFO - F1-score on Non REM: 0.541
[2020-08-08 22:34:48,821] {result_logger:108} INFO - 
[2020-08-08 22:34:48,901] {result_logger:103} INFO - precision on Pre REM: 0.095
[2020-08-08 22:34:48,947] {result_logger:104} INFO - recall on Pre REM: 0.374
[2020-08-08 22:34:48,995] {result_logger:107} INFO - F1-score on Pre REM: 0.151
[2020-08-08 22:34:48,995] {result_logger:108} INFO - 
[2020-08-08 22:34:49,063] {result_logger:103} INFO - precision on Artifact: 0.185
[2020-08-08 22:34:49,110] {result_logger:104} INFO - recall on Artifact: 0.966
[2020-08-08 22:34:49,154] {result_logger:107} INFO - F1-score on Artifact: 0.310
[2020-08-08 22:34:49,154] {result_logger:108} INFO - 
[2020-08-08 22:34:49,165] {result_logger:111} INFO - average precision on sleep stages: 0.520
[2020-08-08 22:34:49,175] {result_logger:113} INFO - average recall on sleep stages: 0.706
[2020-08-08 22:34:49,185] {result_logger:115} INFO - average F1-score on sleep stages: 0.506
[2020-08-08 22:34:49,185] {result_logger:130} INFO - confusion matrix for sleep stages on dataset: train
[2020-08-08 22:34:49,439] {result_logger:134} INFO - 
[[93771  4873  8104  1562  1653]
 [ 9585 49063  1609  5214   504]
 [10441   779 67406  6097  3242]
 [ 5048  6920 16551 21808   987]
 [ 4372   619  3530   555 42239]]
[2020-08-08 22:34:49,710] {result_logger:141} INFO - 
[[ 85.28%   4.43%   7.37%   1.42%   1.50%]
 [ 14.53%  74.37%   2.44%   7.90%   0.76%]
 [ 11.87%   0.89%  76.63%   6.93%   3.69%]
 [  9.84%  13.49%  32.25%  42.50%   1.92%]
 [  8.52%   1.21%   6.88%   1.08%  82.31%]]
[2020-08-08 22:34:49,960] {result_logger:145} INFO - 
[[ 76.10%   7.83%   8.34%   4.43%   3.40%]
 [  7.78%  78.81%   1.66%  14.80%   1.04%]
 [  8.47%   1.25%  69.35%  17.30%   6.67%]
 [  4.10%  11.12%  17.03%  61.89%   2.03%]
 [  3.55%   0.99%   3.63%   1.58%  86.87%]]
[2020-08-08 22:34:49,960] {result_logger:130} INFO - confusion matrix for sleep stages on dataset: valid
[2020-08-08 22:34:49,992] {result_logger:134} INFO - 
[[26438   335    38     6  1565]
 [  162  2261     1    33    88]
 [ 8441   967  7423  2640   480]
 [   56   377    20   281    18]
 [   10     2     5     0   487]]
[2020-08-08 22:34:50,116] {result_logger:141} INFO - 
[[ 93.15%   1.18%   0.13%   0.02%   5.51%]
 [  6.37%  88.84%   0.04%   1.30%   3.46%]
 [ 42.31%   4.85%  37.21%  13.23%   2.41%]
 [  7.45%  50.13%   2.66%  37.37%   2.39%]
 [  1.98%   0.40%   0.99%   0.00%  96.63%]]
[2020-08-08 22:34:50,257] {result_logger:145} INFO - 
[[ 75.31%   8.50%   0.51%   0.20%  59.33%]
 [  0.46%  57.36%   0.01%   1.11%   3.34%]
 [ 24.04%  24.53%  99.15%  89.19%  18.20%]
 [  0.16%   9.56%   0.27%   9.49%   0.68%]
 [  0.03%   0.05%   0.07%   0.00%  18.46%]]
[2020-08-08 22:34:50,513] {result_logger:74} INFO - transformation matrix for sleep stages on dataset: valid
[2020-08-08 22:34:50,513] {result_logger:77} INFO - actual:
[2020-08-08 22:34:50,513] {result_logger:78} INFO - 
[[95.59%  0.00%  4.32%  0.01%  0.07%]
 [15.28% 79.88%  4.13%  0.04%  0.67%]
 [ 4.10%  0.03% 91.89%  2.99%  1.00%]
 [ 2.66% 63.43% 13.96% 18.75%  1.20%]
 [ 4.96%  5.75% 36.51%  1.79% 50.99%]]
[2020-08-08 22:34:50,513] {result_logger:79} INFO - predicted:
[2020-08-08 22:34:50,514] {result_logger:80} INFO - 
[[92.29%  1.36%  3.69%  1.52%  1.14%]
 [26.03% 64.56%  1.57%  3.30%  4.54%]
 [11.42%  0.33% 73.74% 13.00%  1.51%]
 [13.01% 26.76% 15.17% 43.65%  1.42%]
 [16.79%  3.94%  5.99%  1.14% 72.14%]]
[2020-08-08 22:34:50,528] {train_model:82} INFO - snapshot saved to /home/users/grieger/seminar/mice_tuebingen/results/exp001/model_8conv_2fc-best.pth
[2020-08-08 22:34:50,528] {run_experiment:112} INFO - [epoch   4] execution time: 388.47s	 avg f1-score: 0.5065

[2020-08-08 22:34:50,528] {dataloader:107} INFO - data distribution in database for dataset train:
	Wake                : 203747
	REM                 : 18606
	Non REM             : 136586
	Pre REM             : 7181
	Artifact            : 412
[2020-08-08 22:34:50,544] {dataloader:134} INFO - data distribution after processing:
	Wake                : 109960
	REM                 : 65976
	Non REM             : 87968
	Pre REM             : 51315
	Artifact            : 51315
[2020-08-08 22:35:26,653] {train_model:70} INFO - Train Epoch: 5 [36352/366532 (10%)]	lr:1.09e-04	Loss: 0.524769
