[2020-07-30 10:54:57,641] {logger:43} INFO - run_experiment.py, args: Namespace(experiment='exp006d')
================================================================================
[2020-07-30 10:54:57,641] {logger:44} INFO - config:
[2020-07-30 10:54:57,641] {logger:45} INFO - parameter name      | parameter value
[2020-07-30 10:54:57,641] {logger:46} INFO - experiment          : exp006d
[2020-07-30 10:54:57,641] {logger:46} INFO - RUN_NAME            : exp006d_2020-07-30_10-54-57
[2020-07-30 10:54:57,641] {logger:46} INFO - DEVICE              : cuda
[2020-07-30 10:54:57,641] {logger:46} INFO - EXPERIMENT_DIR      : /home/users/grieger/seminar/mice_tuebingen/results/exp006d
[2020-07-30 10:54:57,641] {logger:46} INFO - MODELS_DIR          : /home/users/grieger/seminar/mice_tuebingen/results/exp006d/models
[2020-07-30 10:54:57,641] {logger:46} INFO - VISUALS_DIR         : /home/users/grieger/seminar/mice_tuebingen/results/exp006d/visuals/exp006d_2020-07-30_10-54-57
[2020-07-30 10:54:57,641] {logger:46} INFO - DATA_DIR            : /home/users/grieger/data_tuebingen_h5/data
[2020-07-30 10:54:57,641] {logger:46} INFO - SAMPLE_DURATION     : 10
[2020-07-30 10:54:57,641] {logger:46} INFO - SAMPLING_RATE       : 64
[2020-07-30 10:54:57,641] {logger:46} INFO - SCORING_MAP         : {'Wake': [1, 17], 'REM': [3, 19], 'Non REM': [2, 18], 'Pre REM': [4, 20], 'Artifact': [8, 24, 255]}
[2020-07-30 10:54:57,641] {logger:46} INFO - STAGE_MAP           : {'Wake': 'Wake', 'REM': 'REM', 'Non REM': 'Non REM', 'Pre REM': 'Pre REM', 'Artifact': 'Artifact'}
[2020-07-30 10:54:57,641] {logger:46} INFO - DATA_SPLIT          : {'train': ['M19', 'M20', 'M21', 'M22', 'M23', 'M24', 'M25', 'M26', 'M27', 'M28', 'M29', 'M31', 'M32', 'M33'], 'valid': ['M34', 'M35'], 'test': ['M36', 'M37']}
[2020-07-30 10:54:57,641] {logger:46} INFO - DATA_FILE           : ./cache/dataset/data_tuebingen.h5
[2020-07-30 10:54:57,641] {logger:46} INFO - STAGES              : ['Wake', 'REM', 'Non REM', 'Pre REM', 'Artifact']
[2020-07-30 10:54:57,642] {logger:46} INFO - BALANCED_TRAINING   : False
[2020-07-30 10:54:57,642] {logger:46} INFO - BALANCING_WEIGHTS   : [0.3, 0.18, 0.24, 0.14, 0.14]
[2020-07-30 10:54:57,642] {logger:46} INFO - CHANNELS            : ['EEG_PR']
[2020-07-30 10:54:57,642] {logger:46} INFO - SAMPLES_LEFT        : 1
[2020-07-30 10:54:57,642] {logger:46} INFO - SAMPLES_RIGHT       : 1
[2020-07-30 10:54:57,642] {logger:46} INFO - LOG_INTERVAL        : 10
[2020-07-30 10:54:57,642] {logger:46} INFO - EXTRA_SAFE_MODELS   : False
[2020-07-30 10:54:57,642] {logger:46} INFO - BATCH_SIZE          : 256
[2020-07-30 10:54:57,642] {logger:46} INFO - DATA_FRACTION       : 1.0
[2020-07-30 10:54:57,642] {logger:46} INFO - DATA_FRACTION_STRAT : None
[2020-07-30 10:54:57,642] {logger:46} INFO - EPOCHS              : 50
[2020-07-30 10:54:57,642] {logger:46} INFO - WARMUP_EPOCHS       : 12
[2020-07-30 10:54:57,642] {logger:46} INFO - S_OPTIM_MODE        : exp
[2020-07-30 10:54:57,642] {logger:46} INFO - S_OPTIM_PARAS       : [0.06]
[2020-07-30 10:54:57,642] {logger:46} INFO - LEARNING_RATE       : 0.000256
[2020-07-30 10:54:57,642] {logger:46} INFO - OPTIMIZER           : <class 'torch.optim.adam.Adam'>
[2020-07-30 10:54:57,642] {logger:46} INFO - OPTIM_PARAS         : {}
[2020-07-30 10:54:57,642] {logger:46} INFO - L1_WEIGHT_DECAY     : 0
[2020-07-30 10:54:57,642] {logger:46} INFO - L2_WEIGHT_DECAY     : 0.0001
[2020-07-30 10:54:57,642] {logger:46} INFO - BATCH_SIZE_EVAL     : 512
[2020-07-30 10:54:57,642] {logger:46} INFO - FILTERS             : 96
[2020-07-30 10:54:57,642] {logger:46} INFO - CLASSIFIER_DROPOUT  : [0.2, 0.2]
[2020-07-30 10:54:57,642] {logger:46} INFO - FEATURE_EXTR_DROPOUT: [0.0, 0.2, 0.0, 0.2, 0.0, 0.2, 0.0, 0.2]
[2020-07-30 10:54:57,642] {logger:46} INFO - MODEL_NAME          : model_8conv_2fc
[2020-07-30 10:54:57,642] {logger:46} INFO - GAIN                : 0.0
[2020-07-30 10:54:57,643] {logger:46} INFO - FLIP                : 0.0
[2020-07-30 10:54:57,643] {logger:46} INFO - FLIP_ALL            : 0.0
[2020-07-30 10:54:57,643] {logger:46} INFO - WINDOW_WARP_SIZE    : 0.0
[2020-07-30 10:54:57,643] {logger:46} INFO - FLIP_HORI           : 0.0
[2020-07-30 10:54:57,643] {logger:46} INFO - TIME_SHIFT          : 0.06
[2020-07-30 10:54:57,643] {logger:50} INFO - 
[2020-07-30 10:54:57,643] {logger:51} INFO - ================================================================================
[2020-07-30 10:54:57,643] {logger:52} INFO - start training with model: model_8conv_2fc
[2020-07-30 10:54:57,643] {logger:53} INFO - ================================================================================
[2020-07-30 10:54:57,643] {logger:54} INFO - 
[2020-07-30 10:55:04,177] {dataloader:107} INFO - data distribution in database for dataset train:
	Wake                : 203747
	REM                 : 18606
	Non REM             : 136586
	Pre REM             : 7181
	Artifact            : 600
[2020-07-30 10:55:04,212] {dataloader:134} INFO - data distribution after processing:
	Wake                : 203747
	REM                 : 18606
	Non REM             : 136586
	Pre REM             : 7181
	Artifact            : 600
[2020-07-30 10:55:05,109] {dataloader:107} INFO - data distribution in database for dataset valid:
	Wake                : 28382
	REM                 : 2544
	Non REM             : 19952
	Pre REM             : 752
	Artifact            : 510
[2020-07-30 10:55:05,113] {dataloader:134} INFO - data distribution after processing:
	Wake                : 28382
	REM                 : 2544
	Non REM             : 19952
	Pre REM             : 752
	Artifact            : 510
[2020-07-30 10:55:06,979] {run_experiment:47} INFO - classifier:
Model(
  (feature_extractor): Sequential(
    (0): BatchNorm1d(1, eps=1e-05, momentum=0.1, affine=True, track_running_stats=True)
    (1): Conv1d(1, 96, kernel_size=(5,), stride=(1,))
    (2): ReLU(inplace=True)
    (3): BatchNorm1d(96, eps=1e-05, momentum=0.1, affine=True, track_running_stats=True)
    (4): Dropout(p=0.0, inplace=False)
    (5): Conv1d(96, 96, kernel_size=(5,), stride=(2,))
    (6): ReLU(inplace=True)
    (7): BatchNorm1d(96, eps=1e-05, momentum=0.1, affine=True, track_running_stats=True)
    (8): Dropout(p=0.2, inplace=False)
    (9): Conv1d(96, 96, kernel_size=(5,), stride=(1,))
    (10): ReLU(inplace=True)
    (11): BatchNorm1d(96, eps=1e-05, momentum=0.1, affine=True, track_running_stats=True)
    (12): Dropout(p=0.0, inplace=False)
    (13): Conv1d(96, 96, kernel_size=(5,), stride=(2,))
    (14): ReLU(inplace=True)
    (15): BatchNorm1d(96, eps=1e-05, momentum=0.1, affine=True, track_running_stats=True)
    (16): Dropout(p=0.2, inplace=False)
    (17): Conv1d(96, 96, kernel_size=(5,), stride=(1,))
    (18): ReLU(inplace=True)
    (19): BatchNorm1d(96, eps=1e-05, momentum=0.1, affine=True, track_running_stats=True)
    (20): Dropout(p=0.0, inplace=False)
    (21): Conv1d(96, 96, kernel_size=(5,), stride=(2,))
    (22): ReLU(inplace=True)
    (23): BatchNorm1d(96, eps=1e-05, momentum=0.1, affine=True, track_running_stats=True)
    (24): Dropout(p=0.2, inplace=False)
    (25): Conv1d(96, 96, kernel_size=(5,), stride=(1,))
    (26): ReLU(inplace=True)
    (27): BatchNorm1d(96, eps=1e-05, momentum=0.1, affine=True, track_running_stats=True)
    (28): Dropout(p=0.0, inplace=False)
    (29): Conv1d(96, 96, kernel_size=(5,), stride=(2,))
    (30): ReLU(inplace=True)
    (31): BatchNorm1d(96, eps=1e-05, momentum=0.1, affine=True, track_running_stats=True)
    (32): Dropout(p=0.2, inplace=False)
  )
  (classifier): Sequential(
    (0): Dropout(p=0.2, inplace=False)
    (1): Linear(in_features=10848, out_features=80, bias=True)
    (2): ReLU(inplace=True)
    (3): Dropout(p=0.2, inplace=False)
    (4): Linear(in_features=80, out_features=5, bias=True)
  )
)
[2020-07-30 10:55:46,949] {train_model:70} INFO - Train Epoch: 1 [36352/366720 (10%)]	lr:2.56e-05	Loss: 64.620094
[2020-07-30 10:56:26,389] {train_model:70} INFO - Train Epoch: 1 [72960/366720 (20%)]	lr:2.56e-05	Loss: 48.020134
[2020-07-30 10:57:05,833] {train_model:70} INFO - Train Epoch: 1 [109568/366720 (30%)]	lr:2.56e-05	Loss: 41.298893
[2020-07-30 10:57:45,353] {train_model:70} INFO - Train Epoch: 1 [146176/366720 (40%)]	lr:2.56e-05	Loss: 31.904390
[2020-07-30 10:58:24,872] {train_model:70} INFO - Train Epoch: 1 [182784/366720 (50%)]	lr:2.56e-05	Loss: 30.304111
[2020-07-30 10:59:04,411] {train_model:70} INFO - Train Epoch: 1 [219392/366720 (60%)]	lr:2.56e-05	Loss: 22.262051
[2020-07-30 10:59:45,309] {train_model:70} INFO - Train Epoch: 1 [256000/366720 (70%)]	lr:2.56e-05	Loss: 25.121683
[2020-07-30 11:00:23,969] {train_model:70} INFO - Train Epoch: 1 [292608/366720 (80%)]	lr:2.56e-05	Loss: 19.726366
[2020-07-30 11:01:03,510] {train_model:70} INFO - Train Epoch: 1 [329216/366720 (90%)]	lr:2.56e-05	Loss: 25.695627
[2020-07-30 11:01:43,085] {train_model:70} INFO - Train Epoch: 1 [365824/366720 (100%)]	lr:2.56e-05	Loss: 15.086680
[2020-07-30 11:01:52,321] {run_experiment:78} INFO - 
[2020-07-30 11:01:52,323] {result_logger:97} INFO - scores for sleep stages on dataset: train
[2020-07-30 11:01:52,951] {result_logger:103} INFO - precision on Wake: 0.740
[2020-07-30 11:01:53,369] {result_logger:104} INFO - recall on Wake: 0.667
[2020-07-30 11:01:53,788] {result_logger:107} INFO - F1-score on Wake: 0.701
[2020-07-30 11:01:53,788] {result_logger:108} INFO - 
[2020-07-30 11:01:54,339] {result_logger:103} INFO - precision on REM: 0.059
[2020-07-30 11:01:54,701] {result_logger:104} INFO - recall on REM: 0.150
[2020-07-30 11:01:55,061] {result_logger:107} INFO - F1-score on REM: 0.084
[2020-07-30 11:01:55,061] {result_logger:108} INFO - 
[2020-07-30 11:01:55,652] {result_logger:103} INFO - precision on Non REM: 0.797
[2020-07-30 11:01:56,049] {result_logger:104} INFO - recall on Non REM: 0.499
[2020-07-30 11:01:56,449] {result_logger:107} INFO - F1-score on Non REM: 0.613
[2020-07-30 11:01:56,449] {result_logger:108} INFO - 
[2020-07-30 11:01:56,987] {result_logger:103} INFO - precision on Pre REM: 0.024
[2020-07-30 11:01:57,340] {result_logger:104} INFO - recall on Pre REM: 0.090
[2020-07-30 11:01:57,691] {result_logger:107} INFO - F1-score on Pre REM: 0.037
[2020-07-30 11:01:57,691] {result_logger:108} INFO - 
[2020-07-30 11:01:58,227] {result_logger:103} INFO - precision on Artifact: 0.003
[2020-07-30 11:01:58,579] {result_logger:104} INFO - recall on Artifact: 0.106
[2020-07-30 11:01:58,927] {result_logger:107} INFO - F1-score on Artifact: 0.005
[2020-07-30 11:01:58,927] {result_logger:108} INFO - 
[2020-07-30 11:01:59,033] {result_logger:111} INFO - average precision on sleep stages: 0.324
[2020-07-30 11:01:59,141] {result_logger:113} INFO - average recall on sleep stages: 0.302
[2020-07-30 11:01:59,247] {result_logger:115} INFO - average F1-score on sleep stages: 0.288
[2020-07-30 11:01:59,249] {result_logger:97} INFO - scores for sleep stages on dataset: valid
[2020-07-30 11:01:59,326] {result_logger:103} INFO - precision on Wake: 0.736
[2020-07-30 11:01:59,375] {result_logger:104} INFO - recall on Wake: 0.977
[2020-07-30 11:01:59,424] {result_logger:107} INFO - F1-score on Wake: 0.840
[2020-07-30 11:01:59,424] {result_logger:108} INFO - 
[2020-07-30 11:01:59,498] {result_logger:103} INFO - precision on REM: 0.100
[2020-07-30 11:01:59,545] {result_logger:104} INFO - recall on REM: 0.041
[2020-07-30 11:01:59,592] {result_logger:107} INFO - F1-score on REM: 0.058
[2020-07-30 11:01:59,592] {result_logger:108} INFO - 
[2020-07-30 11:01:59,667] {result_logger:103} INFO - precision on Non REM: 0.970
[2020-07-30 11:01:59,716] {result_logger:104} INFO - recall on Non REM: 0.616
[2020-07-30 11:01:59,765] {result_logger:107} INFO - F1-score on Non REM: 0.753
[2020-07-30 11:01:59,765] {result_logger:108} INFO - 
[2020-07-30 11:01:59,839] {result_logger:103} INFO - precision on Pre REM: 0.025
[2020-07-30 11:01:59,885] {result_logger:104} INFO - recall on Pre REM: 0.019
[2020-07-30 11:01:59,932] {result_logger:107} INFO - F1-score on Pre REM: 0.022
[2020-07-30 11:01:59,932] {result_logger:108} INFO - 
[2020-07-30 11:02:00,005] {result_logger:103} INFO - precision on Artifact: 0.005
[2020-07-30 11:02:00,054] {result_logger:104} INFO - recall on Artifact: 0.002
[2020-07-30 11:02:00,101] {result_logger:107} INFO - F1-score on Artifact: 0.003
[2020-07-30 11:02:00,101] {result_logger:108} INFO - 
[2020-07-30 11:02:00,111] {result_logger:111} INFO - average precision on sleep stages: 0.367
[2020-07-30 11:02:00,122] {result_logger:113} INFO - average recall on sleep stages: 0.331
[2020-07-30 11:02:00,132] {result_logger:115} INFO - average F1-score on sleep stages: 0.335
[2020-07-30 11:02:00,133] {result_logger:130} INFO - confusion matrix for sleep stages on dataset: train
[2020-07-30 11:02:00,393] {result_logger:134} INFO - 
[[135810  28712  12758  13991  12476]
 [ 11481   2787   1655   1498   1185]
 [ 33665  14845  68100  11140   8835]
 [  2294    957   2756    647    527]
 [   217     64    198     58     64]]
[2020-07-30 11:02:00,649] {result_logger:141} INFO - 
[[ 66.66%  14.09%   6.26%   6.87%   6.12%]
 [ 61.71%  14.98%   8.89%   8.05%   6.37%]
 [ 24.65%  10.87%  49.86%   8.16%   6.47%]
 [ 31.95%  13.33%  38.38%   9.01%   7.34%]
 [ 36.11%  10.65%  32.95%   9.65%  10.65%]]
[2020-07-30 11:02:00,902] {result_logger:145} INFO - 
[[ 74.02%  60.62%  14.93%  51.19%  54.04%]
 [  6.26%   5.88%   1.94%   5.48%   5.13%]
 [ 18.35%  31.34%  79.68%  40.76%  38.27%]
 [  1.25%   2.02%   3.22%   2.37%   2.28%]
 [  0.12%   0.14%   0.23%   0.21%   0.28%]]
[2020-07-30 11:02:00,902] {result_logger:130} INFO - confusion matrix for sleep stages on dataset: valid
[2020-07-30 11:02:00,934] {result_logger:134} INFO - 
[[27730   415   191    23    23]
 [ 2411   105    21     6     2]
 [ 6555   440 12284   506   166]
 [  515    87   124    14    12]
 [  464     0    44     1     1]]
[2020-07-30 11:02:01,086] {result_logger:141} INFO - 
[[ 97.70%   1.46%   0.67%   0.08%   0.08%]
 [ 94.73%   4.13%   0.83%   0.24%   0.08%]
 [ 32.86%   2.21%  61.57%   2.54%   0.83%]
 [ 68.48%  11.57%  16.49%   1.86%   1.60%]
 [ 90.98%   0.00%   8.63%   0.20%   0.20%]]
[2020-07-30 11:02:01,220] {result_logger:145} INFO - 
[[ 73.60%  39.64%   1.51%   4.18%  11.27%]
 [  6.40%  10.03%   0.17%   1.09%   0.98%]
 [ 17.40%  42.02%  97.00%  92.00%  81.37%]
 [  1.37%   8.31%   0.98%   2.55%   5.88%]
 [  1.23%   0.00%   0.35%   0.18%   0.49%]]
[2020-07-30 11:02:01,499] {result_logger:74} INFO - transformation matrix for sleep stages on dataset: valid
[2020-07-30 11:02:01,499] {result_logger:77} INFO - actual:
[2020-07-30 11:02:01,499] {result_logger:78} INFO - 
[[95.59%  0.00%  4.31%  0.01%  0.08%]
 [15.28% 79.88%  4.13%  0.04%  0.67%]
 [ 4.10%  0.03% 91.89%  2.99%  1.00%]
 [ 2.66% 63.43% 13.96% 18.75%  1.20%]
 [ 5.10%  5.69% 36.27%  1.76% 51.18%]]
[2020-07-30 11:02:01,499] {result_logger:79} INFO - predicted:
[2020-07-30 11:02:01,499] {result_logger:80} INFO - 
[[91.85%  1.89%  5.37%  0.61%  0.28%]
 [81.09%  4.20% 12.99%  1.24%  0.48%]
 [14.80%  1.93% 80.37%  2.23%  0.66%]
 [40.36%  7.09% 47.82%  3.45%  1.27%]
 [61.76%  2.94% 30.88%  2.94%  1.47%]]
[2020-07-30 11:02:01,514] {train_model:82} INFO - snapshot saved to /home/users/grieger/seminar/mice_tuebingen/results/exp006d/model_8conv_2fc-best.pth
[2020-07-30 11:02:01,514] {run_experiment:112} INFO - [epoch   1] execution time: 414.53s	 avg f1-score: 0.3351

[2020-07-30 11:02:01,514] {dataloader:107} INFO - data distribution in database for dataset train:
	Wake                : 203747
	REM                 : 18606
	Non REM             : 136586
	Pre REM             : 7181
	Artifact            : 600
[2020-07-30 11:02:01,546] {dataloader:134} INFO - data distribution after processing:
	Wake                : 203747
	REM                 : 18606
	Non REM             : 136586
	Pre REM             : 7181
	Artifact            : 600
[2020-07-30 11:02:41,390] {train_model:70} INFO - Train Epoch: 2 [36352/366720 (10%)]	lr:4.65e-05	Loss: 17.646534
[2020-07-30 11:03:21,058] {train_model:70} INFO - Train Epoch: 2 [72960/366720 (20%)]	lr:4.65e-05	Loss: 9.373040
[2020-07-30 11:04:00,600] {train_model:70} INFO - Train Epoch: 2 [109568/366720 (30%)]	lr:4.65e-05	Loss: 12.375204
[2020-07-30 11:04:40,174] {train_model:70} INFO - Train Epoch: 2 [146176/366720 (40%)]	lr:4.65e-05	Loss: 9.586663
[2020-07-30 11:05:19,790] {train_model:70} INFO - Train Epoch: 2 [182784/366720 (50%)]	lr:4.65e-05	Loss: 5.780896
[2020-07-30 11:05:59,320] {train_model:70} INFO - Train Epoch: 2 [219392/366720 (60%)]	lr:4.65e-05	Loss: 9.123310
[2020-07-30 11:06:38,875] {train_model:70} INFO - Train Epoch: 2 [256000/366720 (70%)]	lr:4.65e-05	Loss: 6.651180
[2020-07-30 11:07:21,626] {train_model:70} INFO - Train Epoch: 2 [292608/366720 (80%)]	lr:4.65e-05	Loss: 4.428004
[2020-07-30 11:08:00,900] {train_model:70} INFO - Train Epoch: 2 [329216/366720 (90%)]	lr:4.65e-05	Loss: 3.320074
[2020-07-30 11:08:40,469] {train_model:70} INFO - Train Epoch: 2 [365824/366720 (100%)]	lr:4.65e-05	Loss: 2.801341
[2020-07-30 11:08:49,724] {run_experiment:78} INFO - 
[2020-07-30 11:08:49,725] {result_logger:97} INFO - scores for sleep stages on dataset: train
[2020-07-30 11:08:50,344] {result_logger:103} INFO - precision on Wake: 0.833
[2020-07-30 11:08:50,756] {result_logger:104} INFO - recall on Wake: 0.820
[2020-07-30 11:08:51,181] {result_logger:107} INFO - F1-score on Wake: 0.827
[2020-07-30 11:08:51,181] {result_logger:108} INFO - 
[2020-07-30 11:08:51,714] {result_logger:103} INFO - precision on REM: 0.311
[2020-07-30 11:08:52,069] {result_logger:104} INFO - recall on REM: 0.351
[2020-07-30 11:08:52,424] {result_logger:107} INFO - F1-score on REM: 0.330
[2020-07-30 11:08:52,424] {result_logger:108} INFO - 
[2020-07-30 11:08:53,009] {result_logger:103} INFO - precision on Non REM: 0.827
[2020-07-30 11:08:53,415] {result_logger:104} INFO - recall on Non REM: 0.811
[2020-07-30 11:08:53,813] {result_logger:107} INFO - F1-score on Non REM: 0.819
[2020-07-30 11:08:53,814] {result_logger:108} INFO - 
[2020-07-30 11:08:54,334] {result_logger:103} INFO - precision on Pre REM: 0.091
[2020-07-30 11:08:54,680] {result_logger:104} INFO - recall on Pre REM: 0.098
[2020-07-30 11:08:55,027] {result_logger:107} INFO - F1-score on Pre REM: 0.094
[2020-07-30 11:08:55,027] {result_logger:108} INFO - 
[2020-07-30 11:08:55,543] {result_logger:103} INFO - precision on Artifact: 0.013
[2020-07-30 11:08:55,882] {result_logger:104} INFO - recall on Artifact: 0.077
[2020-07-30 11:08:56,224] {result_logger:107} INFO - F1-score on Artifact: 0.022
[2020-07-30 11:08:56,224] {result_logger:108} INFO - 
[2020-07-30 11:08:56,327] {result_logger:111} INFO - average precision on sleep stages: 0.415
[2020-07-30 11:08:56,431] {result_logger:113} INFO - average recall on sleep stages: 0.431
[2020-07-30 11:08:56,534] {result_logger:115} INFO - average F1-score on sleep stages: 0.418
[2020-07-30 11:08:56,536] {result_logger:97} INFO - scores for sleep stages on dataset: valid
[2020-07-30 11:08:56,610] {result_logger:103} INFO - precision on Wake: 0.640
[2020-07-30 11:08:56,661] {result_logger:104} INFO - recall on Wake: 0.984
[2020-07-30 11:08:56,711] {result_logger:107} INFO - F1-score on Wake: 0.776
[2020-07-30 11:08:56,711] {result_logger:108} INFO - 
[2020-07-30 11:08:56,783] {result_logger:103} INFO - precision on REM: 0.855
[2020-07-30 11:08:56,832] {result_logger:104} INFO - recall on REM: 0.441
[2020-07-30 11:08:56,880] {result_logger:107} INFO - F1-score on REM: 0.582
[2020-07-30 11:08:56,880] {result_logger:108} INFO - 
[2020-07-30 11:08:56,954] {result_logger:103} INFO - precision on Non REM: 0.938
[2020-07-30 11:08:57,003] {result_logger:104} INFO - recall on Non REM: 0.312
[2020-07-30 11:08:57,054] {result_logger:107} INFO - F1-score on Non REM: 0.468
[2020-07-30 11:08:57,054] {result_logger:108} INFO - 
[2020-07-30 11:08:57,126] {result_logger:103} INFO - precision on Pre REM: 0.134
[2020-07-30 11:08:57,173] {result_logger:104} INFO - recall on Pre REM: 0.045
[2020-07-30 11:08:57,220] {result_logger:107} INFO - F1-score on Pre REM: 0.068
[2020-07-30 11:08:57,220] {result_logger:108} INFO - 
[2020-07-30 11:08:57,291] {result_logger:103} INFO - precision on Artifact: 0.380
[2020-07-30 11:08:57,338] {result_logger:104} INFO - recall on Artifact: 0.243
[2020-07-30 11:08:57,384] {result_logger:107} INFO - F1-score on Artifact: 0.297
[2020-07-30 11:08:57,385] {result_logger:108} INFO - 
[2020-07-30 11:08:57,395] {result_logger:111} INFO - average precision on sleep stages: 0.590
[2020-07-30 11:08:57,405] {result_logger:113} INFO - average recall on sleep stages: 0.405
[2020-07-30 11:08:57,416] {result_logger:115} INFO - average F1-score on sleep stages: 0.438
[2020-07-30 11:08:57,416] {result_logger:130} INFO - confusion matrix for sleep stages on dataset: train
[2020-07-30 11:08:57,670] {result_logger:134} INFO - 
[[167108  12401  18572   3413   2253]
 [ 10483   6527    941    469    186]
 [ 20492   1300 110729   3099    965]
 [  2245    738   3383    702    113]
 [   274     45    223     13     46]]
[2020-07-30 11:08:57,924] {result_logger:141} INFO - 
[[ 82.02%   6.09%   9.12%   1.68%   1.11%]
 [ 56.34%  35.08%   5.06%   2.52%   1.00%]
 [ 15.00%   0.95%  81.07%   2.27%   0.71%]
 [ 31.26%  10.28%  47.11%   9.78%   1.57%]
 [ 45.59%   7.49%  37.10%   2.16%   7.65%]]
[2020-07-30 11:08:58,179] {result_logger:145} INFO - 
[[ 83.30%  59.02%  13.88%  44.35%  63.23%]
 [  5.23%  31.06%   0.70%   6.09%   5.22%]
 [ 10.22%   6.19%  82.73%  40.27%  27.08%]
 [  1.12%   3.51%   2.53%   9.12%   3.17%]
 [  0.14%   0.21%   0.17%   0.17%   1.29%]]
[2020-07-30 11:08:58,179] {result_logger:130} INFO - confusion matrix for sleep stages on dataset: valid
[2020-07-30 11:08:58,212] {result_logger:134} INFO - 
[[27925    12   259     5   181]
 [ 1395  1122    22     1     5]
 [13450    54  6218   214    15]
 [  553   124    40    34     1]
 [  298     0    88     0   124]]
[2020-07-30 11:08:58,369] {result_logger:141} INFO - 
[[ 98.39%   0.04%   0.91%   0.02%   0.64%]
 [ 54.81%  44.09%   0.86%   0.04%   0.20%]
 [ 67.42%   0.27%  31.17%   1.07%   0.08%]
 [ 73.54%  16.49%   5.32%   4.52%   0.13%]
 [ 58.43%   0.00%  17.25%   0.00%  24.31%]]
[2020-07-30 11:08:58,517] {result_logger:145} INFO - 
[[ 64.02%   0.91%   3.91%   1.97%  55.52%]
 [  3.20%  85.52%   0.33%   0.39%   1.53%]
 [ 30.83%   4.12%  93.83%  84.25%   4.60%]
 [  1.27%   9.45%   0.60%  13.39%   0.31%]
 [  0.68%   0.00%   1.33%   0.00%  38.04%]]
[2020-07-30 11:08:58,917] {result_logger:74} INFO - transformation matrix for sleep stages on dataset: valid
[2020-07-30 11:08:58,917] {result_logger:77} INFO - actual:
[2020-07-30 11:08:58,918] {result_logger:78} INFO - 
[[95.59%  0.00%  4.31%  0.01%  0.08%]
 [15.28% 79.88%  4.13%  0.04%  0.67%]
 [ 4.10%  0.03% 91.89%  2.99%  1.00%]
 [ 2.66% 63.43% 13.96% 18.75%  1.20%]
 [ 5.10%  5.69% 36.27%  1.76% 51.18%]]
[2020-07-30 11:08:58,918] {result_logger:79} INFO - predicted:
[2020-07-30 11:08:58,918] {result_logger:80} INFO - 
[[92.23%  1.01%  6.06%  0.15%  0.55%]
 [39.10% 60.29%  0.30%  0.30%  0.00%]
 [37.38%  0.56% 58.29%  2.64%  1.13%]
 [61.02% 16.54% 17.72%  4.33%  0.39%]
 [74.85%  0.00% 21.78%  0.00%  3.37%]]
[2020-07-30 11:08:58,945] {train_model:82} INFO - snapshot saved to /home/users/grieger/seminar/mice_tuebingen/results/exp006d/model_8conv_2fc-best.pth
[2020-07-30 11:08:58,945] {run_experiment:112} INFO - [epoch   2] execution time: 417.43s	 avg f1-score: 0.4379

[2020-07-30 11:08:58,945] {dataloader:107} INFO - data distribution in database for dataset train:
	Wake                : 203747
	REM                 : 18606
	Non REM             : 136586
	Pre REM             : 7181
	Artifact            : 600
[2020-07-30 11:08:58,981] {dataloader:134} INFO - data distribution after processing:
	Wake                : 203747
	REM                 : 18606
	Non REM             : 136586
	Pre REM             : 7181
	Artifact            : 600
[2020-07-30 11:09:38,772] {train_model:70} INFO - Train Epoch: 3 [36352/366720 (10%)]	lr:6.75e-05	Loss: 6.349840
[2020-07-30 11:10:18,320] {train_model:70} INFO - Train Epoch: 3 [72960/366720 (20%)]	lr:6.75e-05	Loss: 2.857145
[2020-07-30 11:10:57,878] {train_model:70} INFO - Train Epoch: 3 [109568/366720 (30%)]	lr:6.75e-05	Loss: 3.906202
[2020-07-30 11:11:37,443] {train_model:70} INFO - Train Epoch: 3 [146176/366720 (40%)]	lr:6.75e-05	Loss: 5.686235
[2020-07-30 11:12:16,987] {train_model:70} INFO - Train Epoch: 3 [182784/366720 (50%)]	lr:6.75e-05	Loss: 3.494652
[2020-07-30 11:12:56,608] {train_model:70} INFO - Train Epoch: 3 [219392/366720 (60%)]	lr:6.75e-05	Loss: 1.413446
[2020-07-30 11:13:36,251] {train_model:70} INFO - Train Epoch: 3 [256000/366720 (70%)]	lr:6.75e-05	Loss: 4.808963
[2020-07-30 11:14:15,870] {train_model:70} INFO - Train Epoch: 3 [292608/366720 (80%)]	lr:6.75e-05	Loss: 3.774240
[2020-07-30 11:14:58,807] {train_model:70} INFO - Train Epoch: 3 [329216/366720 (90%)]	lr:6.75e-05	Loss: 1.617171
[2020-07-30 11:15:38,334] {train_model:70} INFO - Train Epoch: 3 [365824/366720 (100%)]	lr:6.75e-05	Loss: 6.010275
[2020-07-30 11:15:47,580] {run_experiment:78} INFO - 
[2020-07-30 11:15:47,580] {result_logger:97} INFO - scores for sleep stages on dataset: train
[2020-07-30 11:15:48,215] {result_logger:103} INFO - precision on Wake: 0.875
[2020-07-30 11:15:48,631] {result_logger:104} INFO - recall on Wake: 0.877
[2020-07-30 11:15:49,043] {result_logger:107} INFO - F1-score on Wake: 0.876
[2020-07-30 11:15:49,043] {result_logger:108} INFO - 
[2020-07-30 11:15:49,589] {result_logger:103} INFO - precision on REM: 0.601
[2020-07-30 11:15:49,942] {result_logger:104} INFO - recall on REM: 0.591
[2020-07-30 11:15:50,296] {result_logger:107} INFO - F1-score on REM: 0.596
[2020-07-30 11:15:50,296] {result_logger:108} INFO - 
[2020-07-30 11:15:50,888] {result_logger:103} INFO - precision on Non REM: 0.836
[2020-07-30 11:15:51,293] {result_logger:104} INFO - recall on Non REM: 0.831
[2020-07-30 11:15:51,692] {result_logger:107} INFO - F1-score on Non REM: 0.833
[2020-07-30 11:15:51,692] {result_logger:108} INFO - 
[2020-07-30 11:15:52,228] {result_logger:103} INFO - precision on Pre REM: 0.167
[2020-07-30 11:15:52,572] {result_logger:104} INFO - recall on Pre REM: 0.157
[2020-07-30 11:15:52,914] {result_logger:107} INFO - F1-score on Pre REM: 0.162
[2020-07-30 11:15:52,914] {result_logger:108} INFO - 
[2020-07-30 11:15:53,450] {result_logger:103} INFO - precision on Artifact: 0.034
[2020-07-30 11:15:53,788] {result_logger:104} INFO - recall on Artifact: 0.097
[2020-07-30 11:15:54,126] {result_logger:107} INFO - F1-score on Artifact: 0.050
[2020-07-30 11:15:54,126] {result_logger:108} INFO - 
[2020-07-30 11:15:54,230] {result_logger:111} INFO - average precision on sleep stages: 0.503
[2020-07-30 11:15:54,333] {result_logger:113} INFO - average recall on sleep stages: 0.511
[2020-07-30 11:15:54,434] {result_logger:115} INFO - average F1-score on sleep stages: 0.504
[2020-07-30 11:15:54,435] {result_logger:97} INFO - scores for sleep stages on dataset: valid
[2020-07-30 11:15:54,511] {result_logger:103} INFO - precision on Wake: 0.584
[2020-07-30 11:15:54,560] {result_logger:104} INFO - recall on Wake: 0.977
[2020-07-30 11:15:54,608] {result_logger:107} INFO - F1-score on Wake: 0.731
[2020-07-30 11:15:54,608] {result_logger:108} INFO - 
[2020-07-30 11:15:54,682] {result_logger:103} INFO - precision on REM: 0.899
[2020-07-30 11:15:54,729] {result_logger:104} INFO - recall on REM: 0.331
[2020-07-30 11:15:54,776] {result_logger:107} INFO - F1-score on REM: 0.484
[2020-07-30 11:15:54,776] {result_logger:108} INFO - 
[2020-07-30 11:15:54,851] {result_logger:103} INFO - precision on Non REM: 0.870
[2020-07-30 11:15:54,899] {result_logger:104} INFO - recall on Non REM: 0.131
[2020-07-30 11:15:54,947] {result_logger:107} INFO - F1-score on Non REM: 0.228
[2020-07-30 11:15:54,947] {result_logger:108} INFO - 
[2020-07-30 11:15:55,023] {result_logger:103} INFO - precision on Pre REM: 0.388
[2020-07-30 11:15:55,069] {result_logger:104} INFO - recall on Pre REM: 0.053
[2020-07-30 11:15:55,117] {result_logger:107} INFO - F1-score on Pre REM: 0.094
[2020-07-30 11:15:55,118] {result_logger:108} INFO - 
[2020-07-30 11:15:55,191] {result_logger:103} INFO - precision on Artifact: 0.371
[2020-07-30 11:15:55,240] {result_logger:104} INFO - recall on Artifact: 0.461
[2020-07-30 11:15:55,286] {result_logger:107} INFO - F1-score on Artifact: 0.411
[2020-07-30 11:15:55,286] {result_logger:108} INFO - 
[2020-07-30 11:15:55,297] {result_logger:111} INFO - average precision on sleep stages: 0.622
[2020-07-30 11:15:55,307] {result_logger:113} INFO - average recall on sleep stages: 0.391
[2020-07-30 11:15:55,317] {result_logger:115} INFO - average F1-score on sleep stages: 0.389
[2020-07-30 11:15:55,317] {result_logger:130} INFO - confusion matrix for sleep stages on dataset: train
[2020-07-30 11:15:55,571] {result_logger:134} INFO - 
[[178753   5113  17200   1762    919]
 [  5621  10999   1163    737     86]
 [ 18277   1132 113486   3111    579]
 [  1303    995   3695   1129     59]
 [   253     54    225     11     58]]
[2020-07-30 11:15:55,823] {result_logger:141} INFO - 
[[ 87.73%   2.51%   8.44%   0.86%   0.45%]
 [ 30.21%  59.12%   6.25%   3.96%   0.46%]
 [ 13.38%   0.83%  83.09%   2.28%   0.42%]
 [ 18.15%  13.86%  51.46%  15.72%   0.82%]
 [ 42.10%   8.99%  37.44%   1.83%   9.65%]]
[2020-07-30 11:15:56,077] {result_logger:145} INFO - 
[[ 87.54%  27.95%  12.67%  26.10%  54.03%]
 [  2.75%  60.13%   0.86%  10.92%   5.06%]
 [  8.95%   6.19%  83.59%  46.09%  34.04%]
 [  0.64%   5.44%   2.72%  16.73%   3.47%]
 [  0.12%   0.30%   0.17%   0.16%   3.41%]]
[2020-07-30 11:15:56,077] {result_logger:130} INFO - confusion matrix for sleep stages on dataset: valid
[2020-07-30 11:15:56,116] {result_logger:134} INFO - 
[[27724     2   289     0   367]
 [ 1661   842    26     0    16]
 [17242    16  2616    63    14]
 [  606    77    28    40     1]
 [  226     0    49     0   235]]
[2020-07-30 11:15:56,148] {result_logger:141} INFO - 
[[ 97.68%   0.01%   1.02%   0.00%   1.29%]
 [ 65.27%  33.08%   1.02%   0.00%   0.63%]
 [ 86.42%   0.08%  13.11%   0.32%   0.07%]
 [ 80.59%  10.24%   3.72%   5.32%   0.13%]
 [ 44.31%   0.00%   9.61%   0.00%  46.08%]]
[2020-07-30 11:15:56,180] {result_logger:145} INFO - 
[[ 58.42%   0.21%   9.61%   0.00%  57.98%]
 [  3.50%  89.86%   0.86%   0.00%   2.53%]
 [ 36.33%   1.71%  86.97%  61.17%   2.21%]
 [  1.28%   8.22%   0.93%  38.83%   0.16%]
 [  0.48%   0.00%   1.63%   0.00%  37.12%]]
[2020-07-30 11:15:56,256] {result_logger:74} INFO - transformation matrix for sleep stages on dataset: valid
[2020-07-30 11:15:56,256] {result_logger:77} INFO - actual:
[2020-07-30 11:15:56,256] {result_logger:78} INFO - 
[[95.59%  0.00%  4.31%  0.01%  0.08%]
 [15.28% 79.88%  4.13%  0.04%  0.67%]
 [ 4.10%  0.03% 91.89%  2.99%  1.00%]
 [ 2.66% 63.43% 13.96% 18.75%  1.20%]
 [ 5.10%  5.69% 36.27%  1.76% 51.18%]]
[2020-07-30 11:15:56,256] {result_logger:79} INFO - predicted:
[2020-07-30 11:15:56,256] {result_logger:80} INFO - 
[[95.07%  0.64%  3.31%  0.09%  0.90%]
 [37.14% 62.86%  0.00%  0.00%  0.00%]
 [56.02%  0.63% 39.36%  1.73%  2.26%]
 [61.17% 25.24%  4.85%  8.74%  0.00%]
 [38.55%  0.16% 39.34%  0.00% 21.96%]]
[2020-07-30 11:15:56,256] {run_experiment:112} INFO - [epoch   3] execution time: 417.31s	 avg f1-score: 0.3895

[2020-07-30 11:15:56,257] {dataloader:107} INFO - data distribution in database for dataset train:
	Wake                : 203747
	REM                 : 18606
	Non REM             : 136586
	Pre REM             : 7181
	Artifact            : 600
[2020-07-30 11:15:56,286] {dataloader:134} INFO - data distribution after processing:
	Wake                : 203747
	REM                 : 18606
	Non REM             : 136586
	Pre REM             : 7181
	Artifact            : 600
[2020-07-30 11:16:36,198] {train_model:70} INFO - Train Epoch: 4 [36352/366720 (10%)]	lr:8.84e-05	Loss: 1.360683
[2020-07-30 11:17:15,753] {train_model:70} INFO - Train Epoch: 4 [72960/366720 (20%)]	lr:8.84e-05	Loss: 4.073167
[2020-07-30 11:17:55,349] {train_model:70} INFO - Train Epoch: 4 [109568/366720 (30%)]	lr:8.84e-05	Loss: 0.861559
[2020-07-30 11:18:34,935] {train_model:70} INFO - Train Epoch: 4 [146176/366720 (40%)]	lr:8.84e-05	Loss: 4.031582
[2020-07-30 11:19:14,652] {train_model:70} INFO - Train Epoch: 4 [182784/366720 (50%)]	lr:8.84e-05	Loss: 3.716558
[2020-07-30 11:19:54,248] {train_model:70} INFO - Train Epoch: 4 [219392/366720 (60%)]	lr:8.84e-05	Loss: 3.236234
[2020-07-30 11:20:33,837] {train_model:70} INFO - Train Epoch: 4 [256000/366720 (70%)]	lr:8.84e-05	Loss: 0.717726
[2020-07-30 11:21:13,446] {train_model:70} INFO - Train Epoch: 4 [292608/366720 (80%)]	lr:8.84e-05	Loss: 0.622591
[2020-07-30 11:21:53,695] {train_model:70} INFO - Train Epoch: 4 [329216/366720 (90%)]	lr:8.84e-05	Loss: 4.629068
[2020-07-30 11:22:34,512] {train_model:70} INFO - Train Epoch: 4 [365824/366720 (100%)]	lr:8.84e-05	Loss: 11.646125
[2020-07-30 11:22:43,825] {run_experiment:78} INFO - 
[2020-07-30 11:22:43,826] {result_logger:97} INFO - scores for sleep stages on dataset: train
[2020-07-30 11:22:44,449] {result_logger:103} INFO - precision on Wake: 0.905
[2020-07-30 11:22:44,865] {result_logger:104} INFO - recall on Wake: 0.900
[2020-07-30 11:22:45,302] {result_logger:107} INFO - F1-score on Wake: 0.903
[2020-07-30 11:22:45,303] {result_logger:108} INFO - 
[2020-07-30 11:22:45,860] {result_logger:103} INFO - precision on REM: 0.652
[2020-07-30 11:22:46,222] {result_logger:104} INFO - recall on REM: 0.648
[2020-07-30 11:22:46,585] {result_logger:107} INFO - F1-score on REM: 0.650
[2020-07-30 11:22:46,585] {result_logger:108} INFO - 
[2020-07-30 11:22:47,215] {result_logger:103} INFO - precision on Non REM: 0.849
[2020-07-30 11:22:47,618] {result_logger:104} INFO - recall on Non REM: 0.862
[2020-07-30 11:22:48,026] {result_logger:107} INFO - F1-score on Non REM: 0.856
[2020-07-30 11:22:48,026] {result_logger:108} INFO - 
[2020-07-30 11:22:48,568] {result_logger:103} INFO - precision on Pre REM: 0.228
[2020-07-30 11:22:48,917] {result_logger:104} INFO - recall on Pre REM: 0.163
[2020-07-30 11:22:49,287] {result_logger:107} INFO - F1-score on Pre REM: 0.190
[2020-07-30 11:22:49,287] {result_logger:108} INFO - 
[2020-07-30 11:22:49,830] {result_logger:103} INFO - precision on Artifact: 0.039
[2020-07-30 11:22:50,173] {result_logger:104} INFO - recall on Artifact: 0.103
[2020-07-30 11:22:50,513] {result_logger:107} INFO - F1-score on Artifact: 0.057
[2020-07-30 11:22:50,514] {result_logger:108} INFO - 
[2020-07-30 11:22:50,618] {result_logger:111} INFO - average precision on sleep stages: 0.535
[2020-07-30 11:22:50,721] {result_logger:113} INFO - average recall on sleep stages: 0.535
[2020-07-30 11:22:50,823] {result_logger:115} INFO - average F1-score on sleep stages: 0.531
[2020-07-30 11:22:50,824] {result_logger:97} INFO - scores for sleep stages on dataset: valid
[2020-07-30 11:22:50,907] {result_logger:103} INFO - precision on Wake: 0.606
[2020-07-30 11:22:50,955] {result_logger:104} INFO - recall on Wake: 0.989
[2020-07-30 11:22:51,004] {result_logger:107} INFO - F1-score on Wake: 0.751
[2020-07-30 11:22:51,004] {result_logger:108} INFO - 
[2020-07-30 11:22:51,080] {result_logger:103} INFO - precision on REM: 0.785
[2020-07-30 11:22:51,127] {result_logger:104} INFO - recall on REM: 0.191
[2020-07-30 11:22:51,177] {result_logger:107} INFO - F1-score on REM: 0.308
[2020-07-30 11:22:51,177] {result_logger:108} INFO - 
[2020-07-30 11:22:51,255] {result_logger:103} INFO - precision on Non REM: 0.932
[2020-07-30 11:22:51,303] {result_logger:104} INFO - recall on Non REM: 0.232
[2020-07-30 11:22:51,352] {result_logger:107} INFO - F1-score on Non REM: 0.371
[2020-07-30 11:22:51,352] {result_logger:108} INFO - 
[2020-07-30 11:22:51,427] {result_logger:103} INFO - precision on Pre REM: 0.439
[2020-07-30 11:22:51,476] {result_logger:104} INFO - recall on Pre REM: 0.024
[2020-07-30 11:22:51,525] {result_logger:107} INFO - F1-score on Pre REM: 0.045
[2020-07-30 11:22:51,525] {result_logger:108} INFO - 
[2020-07-30 11:22:51,598] {result_logger:103} INFO - precision on Artifact: 0.354
[2020-07-30 11:22:51,646] {result_logger:104} INFO - recall on Artifact: 0.147
[2020-07-30 11:22:51,692] {result_logger:107} INFO - F1-score on Artifact: 0.208
[2020-07-30 11:22:51,693] {result_logger:108} INFO - 
[2020-07-30 11:22:51,703] {result_logger:111} INFO - average precision on sleep stages: 0.623
[2020-07-30 11:22:51,713] {result_logger:113} INFO - average recall on sleep stages: 0.317
[2020-07-30 11:22:51,723] {result_logger:115} INFO - average F1-score on sleep stages: 0.337
[2020-07-30 11:22:51,724] {result_logger:130} INFO - confusion matrix for sleep stages on dataset: train
[2020-07-30 11:22:51,988] {result_logger:134} INFO - 
[[183464   3448  15316    901    618]
 [  4150  12048   1419    894     95]
 [ 14161   1735 117783   2151    755]
 [   752   1203   4005   1171     50]
 [   276     43    204     16     62]]
[2020-07-30 11:22:52,250] {result_logger:141} INFO - 
[[ 90.05%   1.69%   7.52%   0.44%   0.30%]
 [ 22.30%  64.75%   7.63%   4.80%   0.51%]
 [ 10.37%   1.27%  86.23%   1.57%   0.55%]
 [ 10.47%  16.75%  55.77%  16.31%   0.70%]
 [ 45.92%   7.15%  33.94%   2.66%  10.32%]]
[2020-07-30 11:22:52,502] {result_logger:145} INFO - 
[[ 90.46%  18.66%  11.04%  17.55%  39.11%]
 [  2.05%  65.21%   1.02%  17.42%   6.01%]
 [  6.98%   9.39%  84.90%  41.91%  47.78%]
 [  0.37%   6.51%   2.89%  22.81%   3.16%]
 [  0.14%   0.23%   0.15%   0.31%   3.92%]]
[2020-07-30 11:22:52,503] {result_logger:130} INFO - confusion matrix for sleep stages on dataset: valid
[2020-07-30 11:22:52,535] {result_logger:134} INFO - 
[[28062     0   196     0   124]
 [ 2031   487    20     2     5]
 [15272    26  4624    21     8]
 [  543   107    84    18     0]
 [  395     0    40     0    75]]
[2020-07-30 11:22:52,567] {result_logger:141} INFO - 
[[ 98.87%   0.00%   0.69%   0.00%   0.44%]
 [ 79.80%  19.14%   0.79%   0.08%   0.20%]
 [ 76.55%   0.13%  23.18%   0.11%   0.04%]
 [ 72.21%  14.23%  11.17%   2.39%   0.00%]
 [ 77.45%   0.00%   7.84%   0.00%  14.71%]]
[2020-07-30 11:22:52,599] {result_logger:145} INFO - 
[[ 60.61%   0.00%   3.95%   0.00%  58.49%]
 [  4.39%  78.55%   0.40%   4.88%   2.36%]
 [ 32.98%   4.19%  93.15%  51.22%   3.77%]
 [  1.17%  17.26%   1.69%  43.90%   0.00%]
 [  0.85%   0.00%   0.81%   0.00%  35.38%]]
[2020-07-30 11:22:52,673] {result_logger:74} INFO - transformation matrix for sleep stages on dataset: valid
[2020-07-30 11:22:52,674] {result_logger:77} INFO - actual:
[2020-07-30 11:22:52,674] {result_logger:78} INFO - 
[[95.59%  0.00%  4.31%  0.01%  0.08%]
 [15.28% 79.88%  4.13%  0.04%  0.67%]
 [ 4.10%  0.03% 91.89%  2.99%  1.00%]
 [ 2.66% 63.43% 13.96% 18.75%  1.20%]
 [ 5.10%  5.69% 36.27%  1.76% 51.18%]]
[2020-07-30 11:22:52,674] {result_logger:79} INFO - predicted:
[2020-07-30 11:22:52,674] {result_logger:80} INFO - 
[[94.36%  0.50%  4.86%  0.02%  0.27%]
 [45.65% 52.74%  1.45%  0.16%  0.00%]
 [42.49%  0.97% 54.19%  0.62%  1.73%]
 [53.66% 36.59%  4.88%  4.88%  0.00%]
 [93.87%  0.00%  5.19%  0.00%  0.94%]]
[2020-07-30 11:22:52,674] {run_experiment:112} INFO - [epoch   4] execution time: 416.42s	 avg f1-score: 0.3367

[2020-07-30 11:22:52,674] {dataloader:107} INFO - data distribution in database for dataset train:
	Wake                : 203747
	REM                 : 18606
	Non REM             : 136586
	Pre REM             : 7181
	Artifact            : 600
[2020-07-30 11:22:52,703] {dataloader:134} INFO - data distribution after processing:
	Wake                : 203747
	REM                 : 18606
	Non REM             : 136586
	Pre REM             : 7181
	Artifact            : 600
[2020-07-30 11:23:32,514] {train_model:70} INFO - Train Epoch: 5 [36352/366720 (10%)]	lr:1.09e-04	Loss: 3.404165
[2020-07-30 11:24:12,083] {train_model:70} INFO - Train Epoch: 5 [72960/366720 (20%)]	lr:1.09e-04	Loss: 3.839108
