[2021-02-13 23:03:30,523] {logger:43} INFO - run_experiment.py, args: Namespace(experiment='exp007b')
================================================================================
[2021-02-13 23:03:30,523] {logger:44} INFO - config:
[2021-02-13 23:03:30,523] {logger:45} INFO - parameter name      | parameter value
[2021-02-13 23:03:30,523] {logger:46} INFO - experiment          : exp007b
[2021-02-13 23:03:30,523] {logger:46} INFO - RUN_NAME            : exp007b_2021-02-13_23-03-30
[2021-02-13 23:03:30,523] {logger:46} INFO - DEVICE              : cuda
[2021-02-13 23:03:30,523] {logger:46} INFO - EXPERIMENT_DIR      : /home/users/grieger/mice_tuebingen/results/exp007b
[2021-02-13 23:03:30,523] {logger:46} INFO - MODELS_DIR          : /home/users/grieger/mice_tuebingen/results/exp007b/models
[2021-02-13 23:03:30,523] {logger:46} INFO - VISUALS_DIR         : /home/users/grieger/mice_tuebingen/results/exp007b/visuals/exp007b_2021-02-13_23-03-30
[2021-02-13 23:03:30,523] {logger:46} INFO - DATA_DIR            : /home/users/grieger/data_tuebingen_h5/data
[2021-02-13 23:03:30,523] {logger:46} INFO - SAMPLE_DURATION     : 10
[2021-02-13 23:03:30,523] {logger:46} INFO - SAMPLING_RATE       : 64
[2021-02-13 23:03:30,523] {logger:46} INFO - SCORING_MAP         : {'Wake': [1, 17], 'REM': [3, 19], 'Non REM': [2, 18], 'Pre REM': [4, 20], 'Artifact': [8, 24]}
[2021-02-13 23:03:30,523] {logger:46} INFO - STAGE_MAP           : {'Wake': 'Wake', 'REM': 'REM', 'Non REM': 'Non REM', 'Pre REM': 'Pre REM', 'Artifact': 'Artifact'}
[2021-02-13 23:03:30,523] {logger:46} INFO - DATA_SPLIT          : {'train': ['M19', 'M20', 'M21', 'M22', 'M23', 'M24', 'M25', 'M26', 'M27', 'M28', 'M29', 'M31', 'M32', 'M33'], 'valid': ['M34', 'M35'], 'test': ['M36', 'M37']}
[2021-02-13 23:03:30,523] {logger:46} INFO - DATA_FILE           : ./cache/dataset/data_tuebingen.h5
[2021-02-13 23:03:30,523] {logger:46} INFO - STAGES              : ['Wake', 'REM', 'Non REM', 'Pre REM', 'Artifact']
[2021-02-13 23:03:30,523] {logger:46} INFO - BALANCED_TRAINING   : True
[2021-02-13 23:03:30,523] {logger:46} INFO - BALANCING_WEIGHTS   : [0.3, 0.18, 0.24, 0.14, 0.14]
[2021-02-13 23:03:30,523] {logger:46} INFO - CHANNELS            : ['EEG_PR']
[2021-02-13 23:03:30,523] {logger:46} INFO - SAMPLES_LEFT        : 1
[2021-02-13 23:03:30,524] {logger:46} INFO - SAMPLES_RIGHT       : 1
[2021-02-13 23:03:30,524] {logger:46} INFO - LOG_INTERVAL        : 10
[2021-02-13 23:03:30,524] {logger:46} INFO - EXTRA_SAFE_MODELS   : False
[2021-02-13 23:03:30,524] {logger:46} INFO - BATCH_SIZE          : 256
[2021-02-13 23:03:30,524] {logger:46} INFO - DATA_FRACTION       : 1.0
[2021-02-13 23:03:30,524] {logger:46} INFO - DATA_FRACTION_STRAT : None
[2021-02-13 23:03:30,524] {logger:46} INFO - EPOCHS              : 50
[2021-02-13 23:03:30,524] {logger:46} INFO - WARMUP_EPOCHS       : 12
[2021-02-13 23:03:30,524] {logger:46} INFO - S_OPTIM_MODE        : exp
[2021-02-13 23:03:30,524] {logger:46} INFO - S_OPTIM_PARAS       : [0.06]
[2021-02-13 23:03:30,524] {logger:46} INFO - LEARNING_RATE       : 0.000256
[2021-02-13 23:03:30,524] {logger:46} INFO - OPTIMIZER           : <class 'torch.optim.adam.Adam'>
[2021-02-13 23:03:30,524] {logger:46} INFO - OPTIM_PARAS         : {}
[2021-02-13 23:03:30,524] {logger:46} INFO - L1_WEIGHT_DECAY     : 0
[2021-02-13 23:03:30,524] {logger:46} INFO - L2_WEIGHT_DECAY     : 0
[2021-02-13 23:03:30,524] {logger:46} INFO - BATCH_SIZE_EVAL     : 512
[2021-02-13 23:03:30,524] {logger:46} INFO - FILTERS             : 96
[2021-02-13 23:03:30,524] {logger:46} INFO - CLASSIFIER_DROPOUT  : [0.0, 0.0]
[2021-02-13 23:03:30,524] {logger:46} INFO - FEATURE_EXTR_DROPOUT: [0.0, 0.0, 0.0, 0.0, 0.0, 0.0, 0.0, 0.0]
[2021-02-13 23:03:30,524] {logger:46} INFO - MODEL_NAME          : model_8conv_2fc
[2021-02-13 23:03:30,524] {logger:46} INFO - GAIN                : 0.0
[2021-02-13 23:03:30,524] {logger:46} INFO - FLIP                : 0.0
[2021-02-13 23:03:30,524] {logger:46} INFO - FLIP_ALL            : 0.0
[2021-02-13 23:03:30,524] {logger:46} INFO - WINDOW_WARP_SIZE    : 0.0
[2021-02-13 23:03:30,524] {logger:46} INFO - FLIP_HORI           : 0.0
[2021-02-13 23:03:30,524] {logger:46} INFO - TIME_SHIFT          : 0.0
[2021-02-13 23:03:30,524] {logger:50} INFO - 
[2021-02-13 23:03:30,524] {logger:51} INFO - ================================================================================
[2021-02-13 23:03:30,524] {logger:52} INFO - start training with model: model_8conv_2fc
[2021-02-13 23:03:30,524] {logger:53} INFO - ================================================================================
[2021-02-13 23:03:30,525] {logger:54} INFO - 
[2021-02-13 23:03:36,904] {dataloader:107} INFO - data distribution in database for dataset train:
	Wake                : 203747
	REM                 : 18606
	Non REM             : 136586
	Pre REM             : 7181
	Artifact            : 412
[2021-02-13 23:03:36,924] {dataloader:134} INFO - data distribution after processing:
	Wake                : 109960
	REM                 : 65976
	Non REM             : 87968
	Pre REM             : 51315
	Artifact            : 51315
[2021-02-13 23:03:37,823] {dataloader:107} INFO - data distribution in database for dataset valid:
	Wake                : 28382
	REM                 : 2544
	Non REM             : 19952
	Pre REM             : 752
	Artifact            : 504
[2021-02-13 23:03:37,827] {dataloader:134} INFO - data distribution after processing:
	Wake                : 28382
	REM                 : 2544
	Non REM             : 19952
	Pre REM             : 752
	Artifact            : 504
[2021-02-13 23:03:39,433] {run_experiment:47} INFO - classifier:
Model(
  (feature_extractor): Sequential(
    (0): BatchNorm1d(1, eps=1e-05, momentum=0.1, affine=True, track_running_stats=True)
    (1): Conv1d(1, 96, kernel_size=(5,), stride=(1,))
    (2): ReLU(inplace=True)
    (3): BatchNorm1d(96, eps=1e-05, momentum=0.1, affine=True, track_running_stats=True)
    (4): Dropout(p=0.0, inplace=False)
    (5): Conv1d(96, 96, kernel_size=(5,), stride=(2,))
    (6): ReLU(inplace=True)
    (7): BatchNorm1d(96, eps=1e-05, momentum=0.1, affine=True, track_running_stats=True)
    (8): Dropout(p=0.0, inplace=False)
    (9): Conv1d(96, 96, kernel_size=(5,), stride=(1,))
    (10): ReLU(inplace=True)
    (11): BatchNorm1d(96, eps=1e-05, momentum=0.1, affine=True, track_running_stats=True)
    (12): Dropout(p=0.0, inplace=False)
    (13): Conv1d(96, 96, kernel_size=(5,), stride=(2,))
    (14): ReLU(inplace=True)
    (15): BatchNorm1d(96, eps=1e-05, momentum=0.1, affine=True, track_running_stats=True)
    (16): Dropout(p=0.0, inplace=False)
    (17): Conv1d(96, 96, kernel_size=(5,), stride=(1,))
    (18): ReLU(inplace=True)
    (19): BatchNorm1d(96, eps=1e-05, momentum=0.1, affine=True, track_running_stats=True)
    (20): Dropout(p=0.0, inplace=False)
    (21): Conv1d(96, 96, kernel_size=(5,), stride=(2,))
    (22): ReLU(inplace=True)
    (23): BatchNorm1d(96, eps=1e-05, momentum=0.1, affine=True, track_running_stats=True)
    (24): Dropout(p=0.0, inplace=False)
    (25): Conv1d(96, 96, kernel_size=(5,), stride=(1,))
    (26): ReLU(inplace=True)
    (27): BatchNorm1d(96, eps=1e-05, momentum=0.1, affine=True, track_running_stats=True)
    (28): Dropout(p=0.0, inplace=False)
    (29): Conv1d(96, 96, kernel_size=(5,), stride=(2,))
    (30): ReLU(inplace=True)
    (31): BatchNorm1d(96, eps=1e-05, momentum=0.1, affine=True, track_running_stats=True)
    (32): Dropout(p=0.0, inplace=False)
  )
  (classifier): Sequential(
    (0): Dropout(p=0.0, inplace=False)
    (1): Linear(in_features=10848, out_features=80, bias=True)
    (2): ReLU(inplace=True)
    (3): Dropout(p=0.0, inplace=False)
    (4): Linear(in_features=80, out_features=5, bias=True)
  )
)
[2021-02-13 23:04:16,729] {train_model:70} INFO - Train Epoch: 1 [36352/366532 (10%)]	lr:2.56e-05	Loss: 33.061527
[2021-02-13 23:04:53,391] {train_model:70} INFO - Train Epoch: 1 [72960/366532 (20%)]	lr:2.56e-05	Loss: 24.789383
[2021-02-13 23:05:29,557] {train_model:70} INFO - Train Epoch: 1 [109568/366532 (30%)]	lr:2.56e-05	Loss: 21.125546
[2021-02-13 23:06:05,919] {train_model:70} INFO - Train Epoch: 1 [146176/366532 (40%)]	lr:2.56e-05	Loss: 14.359756
[2021-02-13 23:06:42,474] {train_model:70} INFO - Train Epoch: 1 [182784/366532 (50%)]	lr:2.56e-05	Loss: 11.218261
[2021-02-13 23:07:18,780] {train_model:70} INFO - Train Epoch: 1 [219392/366532 (60%)]	lr:2.56e-05	Loss: 12.006586
[2021-02-13 23:07:55,472] {train_model:70} INFO - Train Epoch: 1 [256000/366532 (70%)]	lr:2.56e-05	Loss: 8.825828
[2021-02-13 23:08:31,981] {train_model:70} INFO - Train Epoch: 1 [292608/366532 (80%)]	lr:2.56e-05	Loss: 9.633661
[2021-02-13 23:09:08,412] {train_model:70} INFO - Train Epoch: 1 [329216/366532 (90%)]	lr:2.56e-05	Loss: 6.033183
[2021-02-13 23:09:44,418] {train_model:70} INFO - Train Epoch: 1 [365824/366532 (100%)]	lr:2.56e-05	Loss: 3.389728
[2021-02-13 23:09:52,527] {run_experiment:78} INFO - 
[2021-02-13 23:09:52,528] {result_logger:97} INFO - scores for sleep stages on dataset: train
[2021-02-13 23:09:53,112] {result_logger:103} INFO - precision on Wake: 0.622
[2021-02-13 23:09:53,490] {result_logger:104} INFO - recall on Wake: 0.602
[2021-02-13 23:09:53,865] {result_logger:107} INFO - F1-score on Wake: 0.612
[2021-02-13 23:09:53,865] {result_logger:108} INFO - 
[2021-02-13 23:09:54,403] {result_logger:103} INFO - precision on REM: 0.590
[2021-02-13 23:09:54,770] {result_logger:104} INFO - recall on REM: 0.587
[2021-02-13 23:09:55,136] {result_logger:107} INFO - F1-score on REM: 0.589
[2021-02-13 23:09:55,136] {result_logger:108} INFO - 
[2021-02-13 23:09:55,699] {result_logger:103} INFO - precision on Non REM: 0.560
[2021-02-13 23:09:56,077] {result_logger:104} INFO - recall on Non REM: 0.579
[2021-02-13 23:09:56,454] {result_logger:107} INFO - F1-score on Non REM: 0.569
[2021-02-13 23:09:56,454] {result_logger:108} INFO - 
[2021-02-13 23:09:56,980] {result_logger:103} INFO - precision on Pre REM: 0.368
[2021-02-13 23:09:57,341] {result_logger:104} INFO - recall on Pre REM: 0.381
[2021-02-13 23:09:57,699] {result_logger:107} INFO - F1-score on Pre REM: 0.375
[2021-02-13 23:09:57,700] {result_logger:108} INFO - 
[2021-02-13 23:09:58,241] {result_logger:103} INFO - precision on Artifact: 0.878
[2021-02-13 23:09:58,600] {result_logger:104} INFO - recall on Artifact: 0.865
[2021-02-13 23:09:58,959] {result_logger:107} INFO - F1-score on Artifact: 0.871
[2021-02-13 23:09:58,959] {result_logger:108} INFO - 
[2021-02-13 23:09:59,082] {result_logger:111} INFO - average precision on sleep stages: 0.604
[2021-02-13 23:09:59,203] {result_logger:113} INFO - average recall on sleep stages: 0.603
[2021-02-13 23:09:59,324] {result_logger:115} INFO - average F1-score on sleep stages: 0.603
[2021-02-13 23:09:59,326] {result_logger:97} INFO - scores for sleep stages on dataset: valid
[2021-02-13 23:09:59,401] {result_logger:103} INFO - precision on Wake: 0.919
[2021-02-13 23:09:59,451] {result_logger:104} INFO - recall on Wake: 0.730
[2021-02-13 23:09:59,500] {result_logger:107} INFO - F1-score on Wake: 0.814
[2021-02-13 23:09:59,500] {result_logger:108} INFO - 
[2021-02-13 23:09:59,573] {result_logger:103} INFO - precision on REM: 0.435
[2021-02-13 23:09:59,621] {result_logger:104} INFO - recall on REM: 0.687
[2021-02-13 23:09:59,668] {result_logger:107} INFO - F1-score on REM: 0.533
[2021-02-13 23:09:59,668] {result_logger:108} INFO - 
[2021-02-13 23:09:59,744] {result_logger:103} INFO - precision on Non REM: 0.818
[2021-02-13 23:09:59,794] {result_logger:104} INFO - recall on Non REM: 0.767
[2021-02-13 23:09:59,844] {result_logger:107} INFO - F1-score on Non REM: 0.791
[2021-02-13 23:09:59,844] {result_logger:108} INFO - 
[2021-02-13 23:09:59,917] {result_logger:103} INFO - precision on Pre REM: 0.077
[2021-02-13 23:09:59,965] {result_logger:104} INFO - recall on Pre REM: 0.512
[2021-02-13 23:10:00,013] {result_logger:107} INFO - F1-score on Pre REM: 0.134
[2021-02-13 23:10:00,013] {result_logger:108} INFO - 
[2021-02-13 23:10:00,085] {result_logger:103} INFO - precision on Artifact: 0.212
[2021-02-13 23:10:00,131] {result_logger:104} INFO - recall on Artifact: 0.774
[2021-02-13 23:10:00,178] {result_logger:107} INFO - F1-score on Artifact: 0.333
[2021-02-13 23:10:00,178] {result_logger:108} INFO - 
[2021-02-13 23:10:00,190] {result_logger:111} INFO - average precision on sleep stages: 0.492
[2021-02-13 23:10:00,202] {result_logger:113} INFO - average recall on sleep stages: 0.694
[2021-02-13 23:10:00,213] {result_logger:115} INFO - average F1-score on sleep stages: 0.521
[2021-02-13 23:10:00,214] {result_logger:130} INFO - confusion matrix for sleep stages on dataset: train
[2021-02-13 23:10:00,473] {result_logger:134} INFO - 
[[66207 13737 17807  9549  2659]
 [12497 38708  4995  8832   944]
 [17503  4074 50893 13731  1766]
 [ 8258  8397 14289 19551   820]
 [ 1925   652  2942  1401 44395]]
[2021-02-13 23:10:00,731] {result_logger:141} INFO - 
[[ 60.21%  12.49%  16.19%   8.68%   2.42%]
 [ 18.94%  58.67%   7.57%  13.39%   1.43%]
 [ 19.90%   4.63%  57.85%  15.61%   2.01%]
 [ 16.09%  16.36%  27.85%  38.10%   1.60%]
 [  3.75%   1.27%   5.73%   2.73%  86.51%]]
[2021-02-13 23:10:00,988] {result_logger:145} INFO - 
[[ 62.23%  20.95%  19.58%  18.00%   5.26%]
 [ 11.75%  59.03%   5.49%  16.64%   1.87%]
 [ 16.45%   6.21%  55.97%  25.88%   3.49%]
 [  7.76%  12.81%  15.71%  36.84%   1.62%]
 [  1.81%   0.99%   3.24%   2.64%  87.76%]]
[2021-02-13 23:10:00,989] {result_logger:130} INFO - confusion matrix for sleep stages on dataset: valid
[2021-02-13 23:10:01,019] {result_logger:134} INFO - 
[[20725  1893  3101  1460  1203]
 [  344  1748    86   332    35]
 [ 1404   216 15297  2828   206]
 [   54   146   160   385     7]
 [   32    11    63     8   390]]
[2021-02-13 23:10:01,162] {result_logger:141} INFO - 
[[ 73.02%   6.67%  10.93%   5.14%   4.24%]
 [ 13.52%  68.68%   3.38%  13.05%   1.38%]
 [  7.04%   1.08%  76.67%  14.17%   1.03%]
 [  7.18%  19.41%  21.28%  51.20%   0.93%]
 [  6.35%   2.18%  12.50%   1.59%  77.38%]]
[2021-02-13 23:10:01,285] {result_logger:145} INFO - 
[[ 91.87%  47.16%  16.58%  29.12%  65.34%]
 [  1.52%  43.55%   0.46%   6.62%   1.90%]
 [  6.22%   5.38%  81.77%  56.41%  11.19%]
 [  0.24%   3.64%   0.86%   7.68%   0.38%]
 [  0.14%   0.27%   0.34%   0.16%  21.18%]]
[2021-02-13 23:10:01,549] {result_logger:74} INFO - transformation matrix for sleep stages on dataset: valid
[2021-02-13 23:10:01,549] {result_logger:77} INFO - actual:
[2021-02-13 23:10:01,549] {result_logger:78} INFO - 
[[95.59%  0.00%  4.32%  0.01%  0.07%]
 [15.28% 79.88%  4.13%  0.04%  0.67%]
 [ 4.10%  0.03% 91.89%  2.99%  1.00%]
 [ 2.66% 63.43% 13.96% 18.75%  1.20%]
 [ 4.96%  5.75% 36.51%  1.79% 50.99%]]
[2021-02-13 23:10:01,549] {result_logger:79} INFO - predicted:
[2021-02-13 23:10:01,549] {result_logger:80} INFO - 
[[73.13%  6.42% 13.10%  5.14%  2.21%]
 [43.85% 40.23%  7.55%  6.28%  2.09%]
 [13.19%  1.26% 69.88% 13.66%  2.01%]
 [27.05% 11.45% 40.06% 19.17%  2.27%]
 [26.02%  7.60% 20.04%  4.56% 41.77%]]
[2021-02-13 23:10:01,563] {train_model:82} INFO - snapshot saved to /home/users/grieger/mice_tuebingen/results/exp007b/model_8conv_2fc-best.pth
[2021-02-13 23:10:01,563] {run_experiment:112} INFO - [epoch   1] execution time: 382.13s	 avg f1-score: 0.5209

[2021-02-13 23:10:01,563] {dataloader:107} INFO - data distribution in database for dataset train:
	Wake                : 203747
	REM                 : 18606
	Non REM             : 136586
	Pre REM             : 7181
	Artifact            : 412
[2021-02-13 23:10:01,580] {dataloader:134} INFO - data distribution after processing:
	Wake                : 109960
	REM                 : 65976
	Non REM             : 87968
	Pre REM             : 51315
	Artifact            : 51315
[2021-02-13 23:10:38,384] {train_model:70} INFO - Train Epoch: 2 [36352/366532 (10%)]	lr:4.65e-05	Loss: 2.746221
[2021-02-13 23:11:14,444] {train_model:70} INFO - Train Epoch: 2 [72960/366532 (20%)]	lr:4.65e-05	Loss: 2.305964
[2021-02-13 23:11:51,066] {train_model:70} INFO - Train Epoch: 2 [109568/366532 (30%)]	lr:4.65e-05	Loss: 1.173819
[2021-02-13 23:12:27,769] {train_model:70} INFO - Train Epoch: 2 [146176/366532 (40%)]	lr:4.65e-05	Loss: 1.566762
[2021-02-13 23:13:04,459] {train_model:70} INFO - Train Epoch: 2 [182784/366532 (50%)]	lr:4.65e-05	Loss: 2.628100
[2021-02-13 23:13:40,657] {train_model:70} INFO - Train Epoch: 2 [219392/366532 (60%)]	lr:4.65e-05	Loss: 1.253844
[2021-02-13 23:14:17,334] {train_model:70} INFO - Train Epoch: 2 [256000/366532 (70%)]	lr:4.65e-05	Loss: 1.466329
[2021-02-13 23:14:54,104] {train_model:70} INFO - Train Epoch: 2 [292608/366532 (80%)]	lr:4.65e-05	Loss: 0.614923
[2021-02-13 23:15:30,298] {train_model:70} INFO - Train Epoch: 2 [329216/366532 (90%)]	lr:4.65e-05	Loss: 0.782028
[2021-02-13 23:16:06,970] {train_model:70} INFO - Train Epoch: 2 [365824/366532 (100%)]	lr:4.65e-05	Loss: 0.636670
[2021-02-13 23:16:14,980] {run_experiment:78} INFO - 
[2021-02-13 23:16:14,980] {result_logger:97} INFO - scores for sleep stages on dataset: train
[2021-02-13 23:16:15,578] {result_logger:103} INFO - precision on Wake: 0.746
[2021-02-13 23:16:15,966] {result_logger:104} INFO - recall on Wake: 0.788
[2021-02-13 23:16:16,353] {result_logger:107} INFO - F1-score on Wake: 0.766
[2021-02-13 23:16:16,353] {result_logger:108} INFO - 
[2021-02-13 23:16:16,909] {result_logger:103} INFO - precision on REM: 0.780
[2021-02-13 23:16:17,274] {result_logger:104} INFO - recall on REM: 0.742
[2021-02-13 23:16:17,641] {result_logger:107} INFO - F1-score on REM: 0.760
[2021-02-13 23:16:17,641] {result_logger:108} INFO - 
[2021-02-13 23:16:18,202] {result_logger:103} INFO - precision on Non REM: 0.716
[2021-02-13 23:16:18,575] {result_logger:104} INFO - recall on Non REM: 0.726
[2021-02-13 23:16:18,950] {result_logger:107} INFO - F1-score on Non REM: 0.721
[2021-02-13 23:16:18,950] {result_logger:108} INFO - 
[2021-02-13 23:16:19,495] {result_logger:103} INFO - precision on Pre REM: 0.573
[2021-02-13 23:16:19,854] {result_logger:104} INFO - recall on Pre REM: 0.520
[2021-02-13 23:16:20,206] {result_logger:107} INFO - F1-score on Pre REM: 0.545
[2021-02-13 23:16:20,206] {result_logger:108} INFO - 
[2021-02-13 23:16:20,753] {result_logger:103} INFO - precision on Artifact: 0.932
[2021-02-13 23:16:21,115] {result_logger:104} INFO - recall on Artifact: 0.945
[2021-02-13 23:16:21,477] {result_logger:107} INFO - F1-score on Artifact: 0.939
[2021-02-13 23:16:21,477] {result_logger:108} INFO - 
[2021-02-13 23:16:21,598] {result_logger:111} INFO - average precision on sleep stages: 0.750
[2021-02-13 23:16:21,718] {result_logger:113} INFO - average recall on sleep stages: 0.744
[2021-02-13 23:16:21,839] {result_logger:115} INFO - average F1-score on sleep stages: 0.746
[2021-02-13 23:16:21,840] {result_logger:97} INFO - scores for sleep stages on dataset: valid
[2021-02-13 23:16:21,915] {result_logger:103} INFO - precision on Wake: 0.937
[2021-02-13 23:16:21,963] {result_logger:104} INFO - recall on Wake: 0.882
[2021-02-13 23:16:22,011] {result_logger:107} INFO - F1-score on Wake: 0.909
[2021-02-13 23:16:22,011] {result_logger:108} INFO - 
[2021-02-13 23:16:22,084] {result_logger:103} INFO - precision on REM: 0.654
[2021-02-13 23:16:22,131] {result_logger:104} INFO - recall on REM: 0.757
[2021-02-13 23:16:22,178] {result_logger:107} INFO - F1-score on REM: 0.702
[2021-02-13 23:16:22,178] {result_logger:108} INFO - 
[2021-02-13 23:16:22,253] {result_logger:103} INFO - precision on Non REM: 0.907
[2021-02-13 23:16:22,302] {result_logger:104} INFO - recall on Non REM: 0.794
[2021-02-13 23:16:22,350] {result_logger:107} INFO - F1-score on Non REM: 0.847
[2021-02-13 23:16:22,350] {result_logger:108} INFO - 
[2021-02-13 23:16:22,424] {result_logger:103} INFO - precision on Pre REM: 0.127
[2021-02-13 23:16:22,471] {result_logger:104} INFO - recall on Pre REM: 0.609
[2021-02-13 23:16:22,519] {result_logger:107} INFO - F1-score on Pre REM: 0.210
[2021-02-13 23:16:22,519] {result_logger:108} INFO - 
[2021-02-13 23:16:22,591] {result_logger:103} INFO - precision on Artifact: 0.244
[2021-02-13 23:16:22,637] {result_logger:104} INFO - recall on Artifact: 0.675
[2021-02-13 23:16:22,683] {result_logger:107} INFO - F1-score on Artifact: 0.359
[2021-02-13 23:16:22,683] {result_logger:108} INFO - 
[2021-02-13 23:16:22,695] {result_logger:111} INFO - average precision on sleep stages: 0.574
[2021-02-13 23:16:22,706] {result_logger:113} INFO - average recall on sleep stages: 0.743
[2021-02-13 23:16:22,717] {result_logger:115} INFO - average F1-score on sleep stages: 0.605
[2021-02-13 23:16:22,717] {result_logger:130} INFO - confusion matrix for sleep stages on dataset: train
[2021-02-13 23:16:22,981] {result_logger:134} INFO - 
[[86600  6786 10927  3941  1704]
 [ 9191 48934  1353  6154   344]
 [12678   824 63887  9554  1025]
 [ 6041  5947 12204 26677   446]
 [ 1517   275   805   237 48481]]
[2021-02-13 23:16:23,247] {result_logger:141} INFO - 
[[ 78.76%   6.17%   9.94%   3.58%   1.55%]
 [ 13.93%  74.17%   2.05%   9.33%   0.52%]
 [ 14.41%   0.94%  72.63%  10.86%   1.17%]
 [ 11.77%  11.59%  23.78%  51.99%   0.87%]
 [  2.96%   0.54%   1.57%   0.46%  94.48%]]
[2021-02-13 23:16:23,506] {result_logger:145} INFO - 
[[ 74.64%  10.81%  12.25%   8.46%   3.28%]
 [  7.92%  77.96%   1.52%  13.22%   0.66%]
 [ 10.93%   1.31%  71.64%  20.52%   1.97%]
 [  5.21%   9.47%  13.69%  57.29%   0.86%]
 [  1.31%   0.44%   0.90%   0.51%  93.23%]]
[2021-02-13 23:16:23,506] {result_logger:130} INFO - confusion matrix for sleep stages on dataset: valid
[2021-02-13 23:16:23,540] {result_logger:134} INFO - 
[[25035   799  1435   397   716]
 [  254  1927    45   285    34]
 [ 1266    83 15843  2467   292]
 [   41   130   114   458     9]
 [  130     9    24     1   340]]
[2021-02-13 23:16:23,671] {result_logger:141} INFO - 
[[ 88.21%   2.82%   5.06%   1.40%   2.52%]
 [  9.98%  75.72%   1.77%  11.20%   1.34%]
 [  6.35%   0.42%  79.41%  12.37%   1.46%]
 [  5.45%  17.29%  15.16%  60.90%   1.20%]
 [ 25.79%   1.79%   4.76%   0.20%  67.46%]]
[2021-02-13 23:16:23,795] {result_logger:145} INFO - 
[[ 93.67%  27.10%   8.22%  11.00%  51.47%]
 [  0.95%  65.37%   0.26%   7.90%   2.44%]
 [  4.74%   2.82%  90.73%  68.38%  20.99%]
 [  0.15%   4.41%   0.65%  12.69%   0.65%]
 [  0.49%   0.31%   0.14%   0.03%  24.44%]]
[2021-02-13 23:16:24,062] {result_logger:74} INFO - transformation matrix for sleep stages on dataset: valid
[2021-02-13 23:16:24,062] {result_logger:77} INFO - actual:
[2021-02-13 23:16:24,062] {result_logger:78} INFO - 
[[95.59%  0.00%  4.32%  0.01%  0.07%]
 [15.28% 79.88%  4.13%  0.04%  0.67%]
 [ 4.10%  0.03% 91.89%  2.99%  1.00%]
 [ 2.66% 63.43% 13.96% 18.75%  1.20%]
 [ 4.96%  5.75% 36.51%  1.79% 50.99%]]
[2021-02-13 23:16:24,062] {result_logger:79} INFO - predicted:
[2021-02-13 23:16:24,062] {result_logger:80} INFO - 
[[87.27%  2.50%  6.78%  1.36%  2.09%]
 [36.64% 56.68%  2.17%  3.46%  1.05%]
 [ 7.23%  0.41% 79.21% 11.69%  1.46%]
 [15.74% 13.25% 40.58% 28.96%  1.47%]
 [35.23%  4.24% 20.99%  4.03% 35.51%]]
[2021-02-13 23:16:24,077] {train_model:82} INFO - snapshot saved to /home/users/grieger/mice_tuebingen/results/exp007b/model_8conv_2fc-best.pth
[2021-02-13 23:16:24,078] {run_experiment:112} INFO - [epoch   2] execution time: 382.51s	 avg f1-score: 0.6052

[2021-02-13 23:16:24,078] {dataloader:107} INFO - data distribution in database for dataset train:
	Wake                : 203747
	REM                 : 18606
	Non REM             : 136586
	Pre REM             : 7181
	Artifact            : 412
[2021-02-13 23:16:24,094] {dataloader:134} INFO - data distribution after processing:
	Wake                : 109960
	REM                 : 65976
	Non REM             : 87968
	Pre REM             : 51315
	Artifact            : 51315
[2021-02-13 23:17:00,776] {train_model:70} INFO - Train Epoch: 3 [36352/366532 (10%)]	lr:6.75e-05	Loss: 0.666865
[2021-02-13 23:17:36,792] {train_model:70} INFO - Train Epoch: 3 [72960/366532 (20%)]	lr:6.75e-05	Loss: 0.507286
[2021-02-13 23:18:13,176] {train_model:70} INFO - Train Epoch: 3 [109568/366532 (30%)]	lr:6.75e-05	Loss: 0.555927
[2021-02-13 23:18:49,536] {train_model:70} INFO - Train Epoch: 3 [146176/366532 (40%)]	lr:6.75e-05	Loss: 0.796247
[2021-02-13 23:19:25,380] {train_model:70} INFO - Train Epoch: 3 [182784/366532 (50%)]	lr:6.75e-05	Loss: 0.993402
[2021-02-13 23:20:01,837] {train_model:70} INFO - Train Epoch: 3 [219392/366532 (60%)]	lr:6.75e-05	Loss: 0.462189
[2021-02-13 23:20:38,236] {train_model:70} INFO - Train Epoch: 3 [256000/366532 (70%)]	lr:6.75e-05	Loss: 0.702329
[2021-02-13 23:21:14,662] {train_model:70} INFO - Train Epoch: 3 [292608/366532 (80%)]	lr:6.75e-05	Loss: 0.618858
[2021-02-13 23:21:50,605] {train_model:70} INFO - Train Epoch: 3 [329216/366532 (90%)]	lr:6.75e-05	Loss: 0.689350
[2021-02-13 23:22:26,996] {train_model:70} INFO - Train Epoch: 3 [365824/366532 (100%)]	lr:6.75e-05	Loss: 0.550062
[2021-02-13 23:22:35,259] {run_experiment:78} INFO - 
[2021-02-13 23:22:35,260] {result_logger:97} INFO - scores for sleep stages on dataset: train
[2021-02-13 23:22:35,831] {result_logger:103} INFO - precision on Wake: 0.836
[2021-02-13 23:22:36,208] {result_logger:104} INFO - recall on Wake: 0.895
[2021-02-13 23:22:36,583] {result_logger:107} INFO - F1-score on Wake: 0.865
[2021-02-13 23:22:36,583] {result_logger:108} INFO - 
[2021-02-13 23:22:37,122] {result_logger:103} INFO - precision on REM: 0.862
[2021-02-13 23:22:37,482] {result_logger:104} INFO - recall on REM: 0.787
[2021-02-13 23:22:37,826] {result_logger:107} INFO - F1-score on REM: 0.823
[2021-02-13 23:22:37,826] {result_logger:108} INFO - 
[2021-02-13 23:22:38,377] {result_logger:103} INFO - precision on Non REM: 0.786
[2021-02-13 23:22:38,744] {result_logger:104} INFO - recall on Non REM: 0.806
[2021-02-13 23:22:39,111] {result_logger:107} INFO - F1-score on Non REM: 0.796
[2021-02-13 23:22:39,111] {result_logger:108} INFO - 
[2021-02-13 23:22:39,644] {result_logger:103} INFO - precision on Pre REM: 0.670
[2021-02-13 23:22:39,992] {result_logger:104} INFO - recall on Pre REM: 0.626
[2021-02-13 23:22:40,343] {result_logger:107} INFO - F1-score on Pre REM: 0.647
[2021-02-13 23:22:40,343] {result_logger:108} INFO - 
[2021-02-13 23:22:40,887] {result_logger:103} INFO - precision on Artifact: 0.979
[2021-02-13 23:22:41,247] {result_logger:104} INFO - recall on Artifact: 0.964
[2021-02-13 23:22:41,604] {result_logger:107} INFO - F1-score on Artifact: 0.971
[2021-02-13 23:22:41,604] {result_logger:108} INFO - 
[2021-02-13 23:22:41,721] {result_logger:111} INFO - average precision on sleep stages: 0.827
[2021-02-13 23:22:41,838] {result_logger:113} INFO - average recall on sleep stages: 0.816
[2021-02-13 23:22:41,955] {result_logger:115} INFO - average F1-score on sleep stages: 0.821
[2021-02-13 23:22:41,956] {result_logger:97} INFO - scores for sleep stages on dataset: valid
[2021-02-13 23:22:42,031] {result_logger:103} INFO - precision on Wake: 0.961
[2021-02-13 23:22:42,078] {result_logger:104} INFO - recall on Wake: 0.899
[2021-02-13 23:22:42,128] {result_logger:107} INFO - F1-score on Wake: 0.929
[2021-02-13 23:22:42,128] {result_logger:108} INFO - 
[2021-02-13 23:22:42,198] {result_logger:103} INFO - precision on REM: 0.734
[2021-02-13 23:22:42,244] {result_logger:104} INFO - recall on REM: 0.774
[2021-02-13 23:22:42,291] {result_logger:107} INFO - F1-score on REM: 0.753
[2021-02-13 23:22:42,291] {result_logger:108} INFO - 
[2021-02-13 23:22:42,366] {result_logger:103} INFO - precision on Non REM: 0.914
[2021-02-13 23:22:42,415] {result_logger:104} INFO - recall on Non REM: 0.845
[2021-02-13 23:22:42,463] {result_logger:107} INFO - F1-score on Non REM: 0.878
[2021-02-13 23:22:42,463] {result_logger:108} INFO - 
[2021-02-13 23:22:42,537] {result_logger:103} INFO - precision on Pre REM: 0.170
[2021-02-13 23:22:42,584] {result_logger:104} INFO - recall on Pre REM: 0.701
[2021-02-13 23:22:42,631] {result_logger:107} INFO - F1-score on Pre REM: 0.274
[2021-02-13 23:22:42,631] {result_logger:108} INFO - 
[2021-02-13 23:22:42,703] {result_logger:103} INFO - precision on Artifact: 0.297
[2021-02-13 23:22:42,749] {result_logger:104} INFO - recall on Artifact: 0.802
[2021-02-13 23:22:42,796] {result_logger:107} INFO - F1-score on Artifact: 0.434
[2021-02-13 23:22:42,796] {result_logger:108} INFO - 
[2021-02-13 23:22:42,807] {result_logger:111} INFO - average precision on sleep stages: 0.615
[2021-02-13 23:22:42,817] {result_logger:113} INFO - average recall on sleep stages: 0.804
[2021-02-13 23:22:42,828] {result_logger:115} INFO - average F1-score on sleep stages: 0.654
[2021-02-13 23:22:42,828] {result_logger:130} INFO - confusion matrix for sleep stages on dataset: train
[2021-02-13 23:22:43,095] {result_logger:134} INFO - 
[[98451  3220  6335  1466   485]
 [ 6787 51953   854  6268   114]
 [ 8453   353 70877  7901   385]
 [ 2845  4598 11661 32127    84]
 [ 1160   138   393   162 49462]]
[2021-02-13 23:22:43,361] {result_logger:141} INFO - 
[[ 89.54%   2.93%   5.76%   1.33%   0.44%]
 [ 10.29%  78.75%   1.29%   9.50%   0.17%]
 [  9.61%   0.40%  80.57%   8.98%   0.44%]
 [  5.54%   8.96%  22.72%  62.61%   0.16%]
 [  2.26%   0.27%   0.77%   0.32%  96.39%]]
[2021-02-13 23:22:43,625] {result_logger:145} INFO - 
[[ 83.65%   5.34%   7.03%   3.06%   0.96%]
 [  5.77%  86.21%   0.95%  13.08%   0.23%]
 [  7.18%   0.59%  78.65%  16.49%   0.76%]
 [  2.42%   7.63%  12.94%  67.04%   0.17%]
 [  0.99%   0.23%   0.44%   0.34%  97.89%]]
[2021-02-13 23:22:43,625] {result_logger:130} INFO - confusion matrix for sleep stages on dataset: valid
[2021-02-13 23:22:43,657] {result_logger:134} INFO - 
[[25513   538  1405   184   742]
 [  166  1969    47   335    28]
 [  793    65 16861  2051   181]
 [   20    89   112   527     4]
 [   59    21    20     0   404]]
[2021-02-13 23:22:43,864] {result_logger:141} INFO - 
[[ 89.89%   1.90%   4.95%   0.65%   2.61%]
 [  6.52%  77.37%   1.85%  13.16%   1.10%]
 [  3.97%   0.33%  84.51%  10.28%   0.91%]
 [  2.66%  11.84%  14.89%  70.08%   0.53%]
 [ 11.71%   4.17%   3.97%   0.00%  80.16%]]
[2021-02-13 23:22:43,991] {result_logger:145} INFO - 
[[ 96.09%  20.06%   7.62%   5.94%  54.60%]
 [  0.63%  73.42%   0.25%  10.82%   2.06%]
 [  2.99%   2.42%  91.41%  66.23%  13.32%]
 [  0.08%   3.32%   0.61%  17.02%   0.29%]
 [  0.22%   0.78%   0.11%   0.00%  29.73%]]
[2021-02-13 23:22:44,258] {result_logger:74} INFO - transformation matrix for sleep stages on dataset: valid
[2021-02-13 23:22:44,258] {result_logger:77} INFO - actual:
[2021-02-13 23:22:44,258] {result_logger:78} INFO - 
[[95.59%  0.00%  4.32%  0.01%  0.07%]
 [15.28% 79.88%  4.13%  0.04%  0.67%]
 [ 4.10%  0.03% 91.89%  2.99%  1.00%]
 [ 2.66% 63.43% 13.96% 18.75%  1.20%]
 [ 4.96%  5.75% 36.51%  1.79% 50.99%]]
[2021-02-13 23:22:44,259] {result_logger:79} INFO - predicted:
[2021-02-13 23:22:44,259] {result_logger:80} INFO - 
[[90.74%  1.44%  5.83%  0.58%  1.40%]
 [28.30% 61.71%  3.58%  2.95%  3.47%]
 [ 5.09%  0.30% 84.26%  8.95%  1.41%]
 [11.17% 15.14% 33.90% 38.88%  0.90%]
 [30.61%  8.68% 15.45%  0.66% 44.59%]]
[2021-02-13 23:22:44,275] {train_model:82} INFO - snapshot saved to /home/users/grieger/mice_tuebingen/results/exp007b/model_8conv_2fc-best.pth
[2021-02-13 23:22:44,275] {run_experiment:112} INFO - [epoch   3] execution time: 380.20s	 avg f1-score: 0.6536

[2021-02-13 23:22:44,275] {dataloader:107} INFO - data distribution in database for dataset train:
	Wake                : 203747
	REM                 : 18606
	Non REM             : 136586
	Pre REM             : 7181
	Artifact            : 412
[2021-02-13 23:22:44,292] {dataloader:134} INFO - data distribution after processing:
	Wake                : 109960
	REM                 : 65976
	Non REM             : 87968
	Pre REM             : 51315
	Artifact            : 51315
[2021-02-13 23:23:20,283] {train_model:70} INFO - Train Epoch: 4 [36352/366532 (10%)]	lr:8.84e-05	Loss: 0.397894
[2021-02-13 23:23:56,733] {train_model:70} INFO - Train Epoch: 4 [72960/366532 (20%)]	lr:8.84e-05	Loss: 0.663332
[2021-02-13 23:24:33,209] {train_model:70} INFO - Train Epoch: 4 [109568/366532 (30%)]	lr:8.84e-05	Loss: 0.332482
[2021-02-13 23:25:09,829] {train_model:70} INFO - Train Epoch: 4 [146176/366532 (40%)]	lr:8.84e-05	Loss: 0.380705
[2021-02-13 23:25:45,973] {train_model:70} INFO - Train Epoch: 4 [182784/366532 (50%)]	lr:8.84e-05	Loss: 0.437960
[2021-02-13 23:26:22,363] {train_model:70} INFO - Train Epoch: 4 [219392/366532 (60%)]	lr:8.84e-05	Loss: 0.708501
[2021-02-13 23:26:58,767] {train_model:70} INFO - Train Epoch: 4 [256000/366532 (70%)]	lr:8.84e-05	Loss: 0.364428
[2021-02-13 23:27:34,849] {train_model:70} INFO - Train Epoch: 4 [292608/366532 (80%)]	lr:8.84e-05	Loss: 0.418086
[2021-02-13 23:28:11,587] {train_model:70} INFO - Train Epoch: 4 [329216/366532 (90%)]	lr:8.84e-05	Loss: 0.639003
[2021-02-13 23:28:48,304] {train_model:70} INFO - Train Epoch: 4 [365824/366532 (100%)]	lr:8.84e-05	Loss: 0.477192
[2021-02-13 23:28:56,368] {run_experiment:78} INFO - 
[2021-02-13 23:28:56,368] {result_logger:97} INFO - scores for sleep stages on dataset: train
[2021-02-13 23:28:56,956] {result_logger:103} INFO - precision on Wake: 0.892
[2021-02-13 23:28:57,342] {result_logger:104} INFO - recall on Wake: 0.926
[2021-02-13 23:28:57,728] {result_logger:107} INFO - F1-score on Wake: 0.909
[2021-02-13 23:28:57,728] {result_logger:108} INFO - 
[2021-02-13 23:28:58,277] {result_logger:103} INFO - precision on REM: 0.891
[2021-02-13 23:28:58,642] {result_logger:104} INFO - recall on REM: 0.826
[2021-02-13 23:28:59,006] {result_logger:107} INFO - F1-score on REM: 0.858
[2021-02-13 23:28:59,006] {result_logger:108} INFO - 
[2021-02-13 23:28:59,571] {result_logger:103} INFO - precision on Non REM: 0.816
[2021-02-13 23:28:59,949] {result_logger:104} INFO - recall on Non REM: 0.848
[2021-02-13 23:29:00,326] {result_logger:107} INFO - F1-score on Non REM: 0.832
[2021-02-13 23:29:00,326] {result_logger:108} INFO - 
[2021-02-13 23:29:00,874] {result_logger:103} INFO - precision on Pre REM: 0.720
[2021-02-13 23:29:01,232] {result_logger:104} INFO - recall on Pre REM: 0.690
[2021-02-13 23:29:01,591] {result_logger:107} INFO - F1-score on Pre REM: 0.705
[2021-02-13 23:29:01,591] {result_logger:108} INFO - 
[2021-02-13 23:29:02,140] {result_logger:103} INFO - precision on Artifact: 0.988
[2021-02-13 23:29:02,500] {result_logger:104} INFO - recall on Artifact: 0.973
[2021-02-13 23:29:02,862] {result_logger:107} INFO - F1-score on Artifact: 0.981
[2021-02-13 23:29:02,862] {result_logger:108} INFO - 
[2021-02-13 23:29:02,983] {result_logger:111} INFO - average precision on sleep stages: 0.861
[2021-02-13 23:29:03,104] {result_logger:113} INFO - average recall on sleep stages: 0.853
[2021-02-13 23:29:03,225] {result_logger:115} INFO - average F1-score on sleep stages: 0.857
[2021-02-13 23:29:03,226] {result_logger:97} INFO - scores for sleep stages on dataset: valid
[2021-02-13 23:29:03,301] {result_logger:103} INFO - precision on Wake: 0.959
[2021-02-13 23:29:03,349] {result_logger:104} INFO - recall on Wake: 0.934
[2021-02-13 23:29:03,396] {result_logger:107} INFO - F1-score on Wake: 0.946
[2021-02-13 23:29:03,396] {result_logger:108} INFO - 
[2021-02-13 23:29:03,470] {result_logger:103} INFO - precision on REM: 0.810
[2021-02-13 23:29:03,516] {result_logger:104} INFO - recall on REM: 0.801
[2021-02-13 23:29:03,560] {result_logger:107} INFO - F1-score on REM: 0.806
[2021-02-13 23:29:03,560] {result_logger:108} INFO - 
[2021-02-13 23:29:03,634] {result_logger:103} INFO - precision on Non REM: 0.948
[2021-02-13 23:29:03,682] {result_logger:104} INFO - recall on Non REM: 0.841
[2021-02-13 23:29:03,730] {result_logger:107} INFO - F1-score on Non REM: 0.891
[2021-02-13 23:29:03,730] {result_logger:108} INFO - 
[2021-02-13 23:29:03,804] {result_logger:103} INFO - precision on Pre REM: 0.193
[2021-02-13 23:29:03,851] {result_logger:104} INFO - recall on Pre REM: 0.713
[2021-02-13 23:29:03,898] {result_logger:107} INFO - F1-score on Pre REM: 0.304
[2021-02-13 23:29:03,898] {result_logger:108} INFO - 
[2021-02-13 23:29:03,970] {result_logger:103} INFO - precision on Artifact: 0.285
[2021-02-13 23:29:04,017] {result_logger:104} INFO - recall on Artifact: 0.853
[2021-02-13 23:29:04,063] {result_logger:107} INFO - F1-score on Artifact: 0.427
[2021-02-13 23:29:04,063] {result_logger:108} INFO - 
[2021-02-13 23:29:04,074] {result_logger:111} INFO - average precision on sleep stages: 0.639
[2021-02-13 23:29:04,084] {result_logger:113} INFO - average recall on sleep stages: 0.828
[2021-02-13 23:29:04,095] {result_logger:115} INFO - average F1-score on sleep stages: 0.675
[2021-02-13 23:29:04,095] {result_logger:130} INFO - confusion matrix for sleep stages on dataset: train
[2021-02-13 23:29:04,365] {result_logger:134} INFO - 
[[101819   2220   4981    610    325]
 [  4729  54521    829   5844     53]
 [  5438    455  74609   7283    187]
 [  1272   3860  10729  35421     33]
 [   919    101    300     47  49947]]
[2021-02-13 23:29:04,633] {result_logger:141} INFO - 
[[ 92.60%   2.02%   4.53%   0.55%   0.30%]
 [  7.17%  82.64%   1.26%   8.86%   0.08%]
 [  6.18%   0.52%  84.81%   8.28%   0.21%]
 [  2.48%   7.52%  20.91%  69.03%   0.06%]
 [  1.79%   0.20%   0.58%   0.09%  97.34%]]
[2021-02-13 23:29:04,902] {result_logger:145} INFO - 
[[ 89.18%   3.63%   5.45%   1.24%   0.64%]
 [  4.14%  89.15%   0.91%  11.88%   0.10%]
 [  4.76%   0.74%  81.59%  14.80%   0.37%]
 [  1.11%   6.31%  11.73%  71.99%   0.07%]
 [  0.80%   0.17%   0.33%   0.10%  98.82%]]
[2021-02-13 23:29:04,903] {result_logger:130} INFO - confusion matrix for sleep stages on dataset: valid
[2021-02-13 23:29:04,936] {result_logger:134} INFO - 
[[26507   310   761    32   772]
 [  143  2038    44   289    31]
 [  919    69 16778  1919   266]
 [   14    91   102   536     9]
 [   52     7    15     0   430]]
[2021-02-13 23:29:05,070] {result_logger:141} INFO - 
[[ 93.39%   1.09%   2.68%   0.11%   2.72%]
 [  5.62%  80.08%   1.73%  11.36%   1.22%]
 [  4.61%   0.35%  84.10%   9.62%   1.33%]
 [  1.86%  12.10%  13.56%  71.28%   1.20%]
 [ 10.32%   1.39%   2.98%   0.00%  85.32%]]
[2021-02-13 23:29:05,194] {result_logger:145} INFO - 
[[ 95.92%  12.33%   4.30%   1.15%  51.19%]
 [  0.52%  81.03%   0.25%  10.41%   2.06%]
 [  3.33%   2.74%  94.79%  69.13%  17.64%]
 [  0.05%   3.62%   0.58%  19.31%   0.60%]
 [  0.19%   0.28%   0.08%   0.00%  28.51%]]
[2021-02-13 23:29:05,462] {result_logger:74} INFO - transformation matrix for sleep stages on dataset: valid
[2021-02-13 23:29:05,462] {result_logger:77} INFO - actual:
[2021-02-13 23:29:05,462] {result_logger:78} INFO - 
[[95.59%  0.00%  4.32%  0.01%  0.07%]
 [15.28% 79.88%  4.13%  0.04%  0.67%]
 [ 4.10%  0.03% 91.89%  2.99%  1.00%]
 [ 2.66% 63.43% 13.96% 18.75%  1.20%]
 [ 4.96%  5.75% 36.51%  1.79% 50.99%]]
[2021-02-13 23:29:05,462] {result_logger:79} INFO - predicted:
[2021-02-13 23:29:05,463] {result_logger:80} INFO - 
[[92.72%  0.76%  4.75%  0.14%  1.63%]
 [25.61% 67.20%  4.10%  2.43%  0.68%]
 [ 4.73%  0.20% 85.70%  8.42%  0.95%]
 [ 7.35% 17.47% 32.17% 42.29%  0.72%]
 [21.68%  6.23% 14.72%  0.80% 56.56%]]
[2021-02-13 23:29:05,477] {train_model:82} INFO - snapshot saved to /home/users/grieger/mice_tuebingen/results/exp007b/model_8conv_2fc-best.pth
[2021-02-13 23:29:05,477] {run_experiment:112} INFO - [epoch   4] execution time: 381.20s	 avg f1-score: 0.6749

[2021-02-13 23:29:05,477] {dataloader:107} INFO - data distribution in database for dataset train:
	Wake                : 203747
	REM                 : 18606
	Non REM             : 136586
	Pre REM             : 7181
	Artifact            : 412
[2021-02-13 23:29:05,492] {dataloader:134} INFO - data distribution after processing:
	Wake                : 109960
	REM                 : 65976
	Non REM             : 87968
	Pre REM             : 51315
	Artifact            : 51315
[2021-02-13 23:29:41,715] {train_model:70} INFO - Train Epoch: 5 [36352/366532 (10%)]	lr:1.09e-04	Loss: 0.390113
