[2020-08-01 10:26:04,000] {logger:43} INFO - run_experiment.py, args: Namespace(experiment='exp005e')
================================================================================
[2020-08-01 10:26:04,000] {logger:44} INFO - config:
[2020-08-01 10:26:04,000] {logger:45} INFO - parameter name      | parameter value
[2020-08-01 10:26:04,000] {logger:46} INFO - experiment          : exp005e
[2020-08-01 10:26:04,000] {logger:46} INFO - RUN_NAME            : exp005e_2020-08-01_10-26-03
[2020-08-01 10:26:04,000] {logger:46} INFO - DEVICE              : cuda
[2020-08-01 10:26:04,000] {logger:46} INFO - EXPERIMENT_DIR      : /home/users/grieger/seminar/mice_tuebingen/results/exp005e
[2020-08-01 10:26:04,000] {logger:46} INFO - MODELS_DIR          : /home/users/grieger/seminar/mice_tuebingen/results/exp005e/models
[2020-08-01 10:26:04,000] {logger:46} INFO - VISUALS_DIR         : /home/users/grieger/seminar/mice_tuebingen/results/exp005e/visuals/exp005e_2020-08-01_10-26-03
[2020-08-01 10:26:04,001] {logger:46} INFO - DATA_DIR            : /home/users/grieger/data_tuebingen_h5/data
[2020-08-01 10:26:04,001] {logger:46} INFO - SAMPLE_DURATION     : 10
[2020-08-01 10:26:04,001] {logger:46} INFO - SAMPLING_RATE       : 64
[2020-08-01 10:26:04,001] {logger:46} INFO - SCORING_MAP         : {'Wake': [1, 17], 'REM': [3, 19], 'Non REM': [2, 18], 'Pre REM': [4, 20], 'Artifact': [8, 24, 255]}
[2020-08-01 10:26:04,001] {logger:46} INFO - STAGE_MAP           : {'Wake': 'Wake', 'REM': 'REM', 'Non REM': 'Non REM', 'Pre REM': 'Pre REM', 'Artifact': 'Artifact'}
[2020-08-01 10:26:04,001] {logger:46} INFO - DATA_SPLIT          : {'train': ['M19', 'M20', 'M21', 'M22', 'M23', 'M24', 'M25', 'M26', 'M27', 'M28', 'M29', 'M31', 'M32', 'M33'], 'valid': ['M34', 'M35'], 'test': ['M36', 'M37']}
[2020-08-01 10:26:04,001] {logger:46} INFO - DATA_FILE           : ./cache/dataset/data_tuebingen.h5
[2020-08-01 10:26:04,001] {logger:46} INFO - STAGES              : ['Wake', 'REM', 'Non REM', 'Pre REM', 'Artifact']
[2020-08-01 10:26:04,001] {logger:46} INFO - BALANCED_TRAINING   : False
[2020-08-01 10:26:04,001] {logger:46} INFO - BALANCING_WEIGHTS   : [0.3, 0.18, 0.24, 0.14, 0.14]
[2020-08-01 10:26:04,001] {logger:46} INFO - CHANNELS            : ['EEG_PR']
[2020-08-01 10:26:04,001] {logger:46} INFO - SAMPLES_LEFT        : 1
[2020-08-01 10:26:04,001] {logger:46} INFO - SAMPLES_RIGHT       : 1
[2020-08-01 10:26:04,001] {logger:46} INFO - LOG_INTERVAL        : 10
[2020-08-01 10:26:04,001] {logger:46} INFO - EXTRA_SAFE_MODELS   : False
[2020-08-01 10:26:04,001] {logger:46} INFO - BATCH_SIZE          : 256
[2020-08-01 10:26:04,001] {logger:46} INFO - DATA_FRACTION       : 1.0
[2020-08-01 10:26:04,001] {logger:46} INFO - DATA_FRACTION_STRAT : None
[2020-08-01 10:26:04,001] {logger:46} INFO - EPOCHS              : 50
[2020-08-01 10:26:04,001] {logger:46} INFO - WARMUP_EPOCHS       : 12
[2020-08-01 10:26:04,001] {logger:46} INFO - S_OPTIM_MODE        : exp
[2020-08-01 10:26:04,001] {logger:46} INFO - S_OPTIM_PARAS       : [0.06]
[2020-08-01 10:26:04,001] {logger:46} INFO - LEARNING_RATE       : 0.000256
[2020-08-01 10:26:04,001] {logger:46} INFO - OPTIMIZER           : <class 'torch.optim.adam.Adam'>
[2020-08-01 10:26:04,001] {logger:46} INFO - OPTIM_PARAS         : {}
[2020-08-01 10:26:04,001] {logger:46} INFO - L1_WEIGHT_DECAY     : 0
[2020-08-01 10:26:04,001] {logger:46} INFO - L2_WEIGHT_DECAY     : 0.0001
[2020-08-01 10:26:04,001] {logger:46} INFO - BATCH_SIZE_EVAL     : 512
[2020-08-01 10:26:04,001] {logger:46} INFO - FILTERS             : 64
[2020-08-01 10:26:04,001] {logger:46} INFO - CLASSIFIER_DROPOUT  : [0.0, 0.0]
[2020-08-01 10:26:04,001] {logger:46} INFO - FEATURE_EXTR_DROPOUT: [0.0, 0.0, 0.0, 0.0, 0.0, 0.0, 0.0, 0.0]
[2020-08-01 10:26:04,001] {logger:46} INFO - MODEL_NAME          : model_3conv_pool
[2020-08-01 10:26:04,001] {logger:46} INFO - GAIN                : 0.0
[2020-08-01 10:26:04,002] {logger:46} INFO - FLIP                : 0.0
[2020-08-01 10:26:04,002] {logger:46} INFO - FLIP_ALL            : 0.0
[2020-08-01 10:26:04,002] {logger:46} INFO - WINDOW_WARP_SIZE    : 0.0
[2020-08-01 10:26:04,002] {logger:46} INFO - FLIP_HORI           : 0.0
[2020-08-01 10:26:04,002] {logger:46} INFO - TIME_SHIFT          : 0.0
[2020-08-01 10:26:04,002] {logger:50} INFO - 
[2020-08-01 10:26:04,002] {logger:51} INFO - ================================================================================
[2020-08-01 10:26:04,002] {logger:52} INFO - start training with model: model_3conv_pool
[2020-08-01 10:26:04,002] {logger:53} INFO - ================================================================================
[2020-08-01 10:26:04,002] {logger:54} INFO - 
[2020-08-01 10:26:10,393] {dataloader:107} INFO - data distribution in database for dataset train:
	Wake                : 203747
	REM                 : 18606
	Non REM             : 136586
	Pre REM             : 7181
	Artifact            : 600
[2020-08-01 10:26:10,430] {dataloader:134} INFO - data distribution after processing:
	Wake                : 203747
	REM                 : 18606
	Non REM             : 136586
	Pre REM             : 7181
	Artifact            : 600
[2020-08-01 10:26:11,347] {dataloader:107} INFO - data distribution in database for dataset valid:
	Wake                : 28382
	REM                 : 2544
	Non REM             : 19952
	Pre REM             : 752
	Artifact            : 510
[2020-08-01 10:26:11,351] {dataloader:134} INFO - data distribution after processing:
	Wake                : 28382
	REM                 : 2544
	Non REM             : 19952
	Pre REM             : 752
	Artifact            : 510
[2020-08-01 10:26:14,113] {run_experiment:47} INFO - classifier:
Model(
  (feature_extractor): Sequential(
    (0): BatchNorm1d(1, eps=1e-05, momentum=0.1, affine=True, track_running_stats=True)
    (1): ConstantPad1d(padding=(3, 4), value=0)
    (2): Conv1d(1, 128, kernel_size=(8,), stride=(1,))
    (3): ReLU(inplace=True)
    (4): BatchNorm1d(128, eps=1e-05, momentum=0.1, affine=True, track_running_stats=True)
    (5): ConstantPad1d(padding=(2, 2), value=0)
    (6): Conv1d(128, 256, kernel_size=(5,), stride=(1,))
    (7): ReLU(inplace=True)
    (8): BatchNorm1d(256, eps=1e-05, momentum=0.1, affine=True, track_running_stats=True)
    (9): ConstantPad1d(padding=(1, 1), value=0)
    (10): Conv1d(256, 128, kernel_size=(3,), stride=(1,))
    (11): ReLU(inplace=True)
    (12): BatchNorm1d(128, eps=1e-05, momentum=0.1, affine=True, track_running_stats=True)
    (13): AvgPool1d(kernel_size=(640,), stride=(640,), padding=(0,))
  )
  (classifier): Sequential(
    (0): Dropout(p=0.2, inplace=False)
    (1): Linear(in_features=384, out_features=5, bias=True)
  )
)
[2020-08-01 10:27:12,174] {train_model:70} INFO - Train Epoch: 1 [36352/366720 (10%)]	lr:2.56e-05	Loss: 0.807613
[2020-08-01 10:28:09,814] {train_model:70} INFO - Train Epoch: 1 [72960/366720 (20%)]	lr:2.56e-05	Loss: 0.691700
[2020-08-01 10:29:07,464] {train_model:70} INFO - Train Epoch: 1 [109568/366720 (30%)]	lr:2.56e-05	Loss: 0.804294
[2020-08-01 10:30:05,156] {train_model:70} INFO - Train Epoch: 1 [146176/366720 (40%)]	lr:2.56e-05	Loss: 0.641720
[2020-08-01 10:31:03,012] {train_model:70} INFO - Train Epoch: 1 [182784/366720 (50%)]	lr:2.56e-05	Loss: 0.421127
[2020-08-01 10:32:00,591] {train_model:70} INFO - Train Epoch: 1 [219392/366720 (60%)]	lr:2.56e-05	Loss: 0.461893
[2020-08-01 10:32:58,428] {train_model:70} INFO - Train Epoch: 1 [256000/366720 (70%)]	lr:2.56e-05	Loss: 0.287992
[2020-08-01 10:33:56,264] {train_model:70} INFO - Train Epoch: 1 [292608/366720 (80%)]	lr:2.56e-05	Loss: 0.359618
[2020-08-01 10:34:53,976] {train_model:70} INFO - Train Epoch: 1 [329216/366720 (90%)]	lr:2.56e-05	Loss: 0.299313
[2020-08-01 10:35:51,667] {train_model:70} INFO - Train Epoch: 1 [365824/366720 (100%)]	lr:2.56e-05	Loss: 0.314479
[2020-08-01 10:36:19,663] {run_experiment:78} INFO - 
[2020-08-01 10:36:19,665] {result_logger:97} INFO - scores for sleep stages on dataset: train
[2020-08-01 10:36:20,543] {result_logger:103} INFO - precision on Wake: 0.900
[2020-08-01 10:36:20,974] {result_logger:104} INFO - recall on Wake: 0.891
[2020-08-01 10:36:21,399] {result_logger:107} INFO - F1-score on Wake: 0.895
[2020-08-01 10:36:21,400] {result_logger:108} INFO - 
[2020-08-01 10:36:21,952] {result_logger:103} INFO - precision on REM: 0.602
[2020-08-01 10:36:22,315] {result_logger:104} INFO - recall on REM: 0.639
[2020-08-01 10:36:22,672] {result_logger:107} INFO - F1-score on REM: 0.620
[2020-08-01 10:36:22,673] {result_logger:108} INFO - 
[2020-08-01 10:36:23,285] {result_logger:103} INFO - precision on Non REM: 0.873
[2020-08-01 10:36:23,694] {result_logger:104} INFO - recall on Non REM: 0.852
[2020-08-01 10:36:24,265] {result_logger:107} INFO - F1-score on Non REM: 0.862
[2020-08-01 10:36:24,265] {result_logger:108} INFO - 
[2020-08-01 10:36:25,048] {result_logger:103} INFO - precision on Pre REM: 0.224
[2020-08-01 10:36:25,555] {result_logger:104} INFO - recall on Pre REM: 0.233
[2020-08-01 10:36:26,057] {result_logger:107} INFO - F1-score on Pre REM: 0.228
[2020-08-01 10:36:26,058] {result_logger:108} INFO - 
[2020-08-01 10:36:26,755] {result_logger:103} INFO - precision on Artifact: 0.016
[2020-08-01 10:36:27,098] {result_logger:104} INFO - recall on Artifact: 0.125
[2020-08-01 10:36:27,445] {result_logger:107} INFO - F1-score on Artifact: 0.029
[2020-08-01 10:36:27,445] {result_logger:108} INFO - 
[2020-08-01 10:36:27,552] {result_logger:111} INFO - average precision on sleep stages: 0.523
[2020-08-01 10:36:27,653] {result_logger:113} INFO - average recall on sleep stages: 0.548
[2020-08-01 10:36:27,753] {result_logger:115} INFO - average F1-score on sleep stages: 0.527
[2020-08-01 10:36:27,756] {result_logger:97} INFO - scores for sleep stages on dataset: valid
[2020-08-01 10:36:27,830] {result_logger:103} INFO - precision on Wake: 0.949
[2020-08-01 10:36:27,878] {result_logger:104} INFO - recall on Wake: 0.957
[2020-08-01 10:36:27,926] {result_logger:107} INFO - F1-score on Wake: 0.953
[2020-08-01 10:36:27,926] {result_logger:108} INFO - 
[2020-08-01 10:36:28,000] {result_logger:103} INFO - precision on REM: 0.874
[2020-08-01 10:36:28,047] {result_logger:104} INFO - recall on REM: 0.745
[2020-08-01 10:36:28,094] {result_logger:107} INFO - F1-score on REM: 0.804
[2020-08-01 10:36:28,094] {result_logger:108} INFO - 
[2020-08-01 10:36:28,167] {result_logger:103} INFO - precision on Non REM: 0.937
[2020-08-01 10:36:28,216] {result_logger:104} INFO - recall on Non REM: 0.952
[2020-08-01 10:36:28,264] {result_logger:107} INFO - F1-score on Non REM: 0.944
[2020-08-01 10:36:28,264] {result_logger:108} INFO - 
[2020-08-01 10:36:28,337] {result_logger:103} INFO - precision on Pre REM: 0.611
[2020-08-01 10:36:28,384] {result_logger:104} INFO - recall on Pre REM: 0.340
[2020-08-01 10:36:28,431] {result_logger:107} INFO - F1-score on Pre REM: 0.437
[2020-08-01 10:36:28,432] {result_logger:108} INFO - 
[2020-08-01 10:36:28,505] {result_logger:103} INFO - precision on Artifact: 0.412
[2020-08-01 10:36:28,552] {result_logger:104} INFO - recall on Artifact: 0.525
[2020-08-01 10:36:28,600] {result_logger:107} INFO - F1-score on Artifact: 0.462
[2020-08-01 10:36:28,600] {result_logger:108} INFO - 
[2020-08-01 10:36:28,611] {result_logger:111} INFO - average precision on sleep stages: 0.757
[2020-08-01 10:36:28,621] {result_logger:113} INFO - average recall on sleep stages: 0.704
[2020-08-01 10:36:28,631] {result_logger:115} INFO - average F1-score on sleep stages: 0.720
[2020-08-01 10:36:28,631] {result_logger:130} INFO - confusion matrix for sleep stages on dataset: train
[2020-08-01 10:36:28,897] {result_logger:134} INFO - 
[[181458   4586  13048   2215   2440]
 [  5202  11882    592    770    160]
 [ 13709   1897 116348   2801   1830]
 [  1021   1318   3071   1674     97]
 [   196     59    249     22     75]]
[2020-08-01 10:36:29,153] {result_logger:141} INFO - 
[[ 89.06%   2.25%   6.40%   1.09%   1.20%]
 [ 27.96%  63.86%   3.18%   4.14%   0.86%]
 [ 10.04%   1.39%  85.18%   2.05%   1.34%]
 [ 14.22%  18.35%  42.77%  23.31%   1.35%]
 [ 32.61%   9.82%  41.43%   3.66%  12.48%]]
[2020-08-01 10:36:29,404] {result_logger:145} INFO - 
[[ 90.02%  23.23%   9.79%  29.60%  53.02%]
 [  2.58%  60.19%   0.44%  10.29%   3.48%]
 [  6.80%   9.61%  87.28%  37.44%  39.77%]
 [  0.51%   6.68%   2.30%  22.37%   2.11%]
 [  0.10%   0.30%   0.19%   0.29%   1.63%]]
[2020-08-01 10:36:29,404] {result_logger:130} INFO - confusion matrix for sleep stages on dataset: valid
[2020-08-01 10:36:29,436] {result_logger:134} INFO - 
[[27171    32   824     4   351]
 [  493  1895    76    65    16]
 [  795    60 18987    94    15]
 [   31   175   290   256     0]
 [  145     6    91     0   268]]
[2020-08-01 10:36:29,613] {result_logger:141} INFO - 
[[ 95.73%   0.11%   2.90%   0.01%   1.24%]
 [ 19.37%  74.46%   2.99%   2.55%   0.63%]
 [  3.98%   0.30%  95.17%   0.47%   0.08%]
 [  4.12%  23.27%  38.56%  34.04%   0.00%]
 [ 28.43%   1.18%  17.84%   0.00%  52.55%]]
[2020-08-01 10:36:29,749] {result_logger:145} INFO - 
[[ 94.89%   1.48%   4.07%   0.95%  54.00%]
 [  1.72%  87.41%   0.37%  15.51%   2.46%]
 [  2.78%   2.77%  93.68%  22.43%   2.31%]
 [  0.11%   8.07%   1.43%  61.10%   0.00%]
 [  0.51%   0.28%   0.45%   0.00%  41.23%]]
[2020-08-01 10:36:30,030] {result_logger:74} INFO - transformation matrix for sleep stages on dataset: valid
[2020-08-01 10:36:30,031] {result_logger:77} INFO - actual:
[2020-08-01 10:36:30,031] {result_logger:78} INFO - 
[[95.59%  0.00%  4.31%  0.01%  0.08%]
 [15.28% 79.88%  4.13%  0.04%  0.67%]
 [ 4.10%  0.03% 91.89%  2.99%  1.00%]
 [ 2.66% 63.43% 13.96% 18.75%  1.20%]
 [ 5.10%  5.69% 36.27%  1.76% 51.18%]]
[2020-08-01 10:36:30,031] {result_logger:79} INFO - predicted:
[2020-08-01 10:36:30,031] {result_logger:80} INFO - 
[[93.84%  0.49%  4.78%  0.02%  0.86%]
 [24.31% 72.23%  2.91%  0.37%  0.18%]
 [ 4.98%  0.65% 92.01%  1.76%  0.60%]
 [ 7.16% 77.57%  3.82% 11.46%  0.00%]
 [30.15%  0.92% 26.15%  0.00% 42.77%]]
[2020-08-01 10:36:30,038] {train_model:82} INFO - snapshot saved to /home/users/grieger/seminar/mice_tuebingen/results/exp005e/model_3conv_pool-best.pth
[2020-08-01 10:36:30,038] {run_experiment:112} INFO - [epoch   1] execution time: 615.92s	 avg f1-score: 0.7201

[2020-08-01 10:36:30,038] {dataloader:107} INFO - data distribution in database for dataset train:
	Wake                : 203747
	REM                 : 18606
	Non REM             : 136586
	Pre REM             : 7181
	Artifact            : 600
[2020-08-01 10:36:30,067] {dataloader:134} INFO - data distribution after processing:
	Wake                : 203747
	REM                 : 18606
	Non REM             : 136586
	Pre REM             : 7181
	Artifact            : 600
[2020-08-01 10:37:27,853] {train_model:70} INFO - Train Epoch: 2 [36352/366720 (10%)]	lr:4.65e-05	Loss: 0.271976
[2020-08-01 10:38:25,514] {train_model:70} INFO - Train Epoch: 2 [72960/366720 (20%)]	lr:4.65e-05	Loss: 0.274603
[2020-08-01 10:39:23,193] {train_model:70} INFO - Train Epoch: 2 [109568/366720 (30%)]	lr:4.65e-05	Loss: 0.255146
[2020-08-01 10:40:20,861] {train_model:70} INFO - Train Epoch: 2 [146176/366720 (40%)]	lr:4.65e-05	Loss: 0.255014
[2020-08-01 10:41:18,512] {train_model:70} INFO - Train Epoch: 2 [182784/366720 (50%)]	lr:4.65e-05	Loss: 0.219989
[2020-08-01 10:42:16,131] {train_model:70} INFO - Train Epoch: 2 [219392/366720 (60%)]	lr:4.65e-05	Loss: 0.233156
[2020-08-01 10:43:13,525] {train_model:70} INFO - Train Epoch: 2 [256000/366720 (70%)]	lr:4.65e-05	Loss: 0.124865
[2020-08-01 10:44:11,027] {train_model:70} INFO - Train Epoch: 2 [292608/366720 (80%)]	lr:4.65e-05	Loss: 0.253856
[2020-08-01 10:45:08,547] {train_model:70} INFO - Train Epoch: 2 [329216/366720 (90%)]	lr:4.65e-05	Loss: 0.206127
[2020-08-01 10:46:06,091] {train_model:70} INFO - Train Epoch: 2 [365824/366720 (100%)]	lr:4.65e-05	Loss: 0.202682
[2020-08-01 10:46:33,853] {run_experiment:78} INFO - 
[2020-08-01 10:46:33,854] {result_logger:97} INFO - scores for sleep stages on dataset: train
[2020-08-01 10:46:34,465] {result_logger:103} INFO - precision on Wake: 0.943
[2020-08-01 10:46:34,870] {result_logger:104} INFO - recall on Wake: 0.958
[2020-08-01 10:46:35,267] {result_logger:107} INFO - F1-score on Wake: 0.951
[2020-08-01 10:46:35,267] {result_logger:108} INFO - 
[2020-08-01 10:46:35,780] {result_logger:103} INFO - precision on REM: 0.852
[2020-08-01 10:46:36,121] {result_logger:104} INFO - recall on REM: 0.773
[2020-08-01 10:46:36,592] {result_logger:107} INFO - F1-score on REM: 0.810
[2020-08-01 10:46:36,592] {result_logger:108} INFO - 
[2020-08-01 10:46:37,429] {result_logger:103} INFO - precision on Non REM: 0.913
[2020-08-01 10:46:37,972] {result_logger:104} INFO - recall on Non REM: 0.929
[2020-08-01 10:46:38,378] {result_logger:107} INFO - F1-score on Non REM: 0.921
[2020-08-01 10:46:38,379] {result_logger:108} INFO - 
[2020-08-01 10:46:38,910] {result_logger:103} INFO - precision on Pre REM: 0.521
[2020-08-01 10:46:39,258] {result_logger:104} INFO - recall on Pre REM: 0.274
[2020-08-01 10:46:39,607] {result_logger:107} INFO - F1-score on Pre REM: 0.359
[2020-08-01 10:46:39,608] {result_logger:108} INFO - 
[2020-08-01 10:46:40,152] {result_logger:103} INFO - precision on Artifact: 0.202
[2020-08-01 10:46:40,500] {result_logger:104} INFO - recall on Artifact: 0.101
[2020-08-01 10:46:40,845] {result_logger:107} INFO - F1-score on Artifact: 0.135
[2020-08-01 10:46:40,845] {result_logger:108} INFO - 
[2020-08-01 10:46:40,945] {result_logger:111} INFO - average precision on sleep stages: 0.686
[2020-08-01 10:46:41,045] {result_logger:113} INFO - average recall on sleep stages: 0.607
[2020-08-01 10:46:41,146] {result_logger:115} INFO - average F1-score on sleep stages: 0.635
[2020-08-01 10:46:41,148] {result_logger:97} INFO - scores for sleep stages on dataset: valid
[2020-08-01 10:46:41,223] {result_logger:103} INFO - precision on Wake: 0.954
[2020-08-01 10:46:41,273] {result_logger:104} INFO - recall on Wake: 0.970
[2020-08-01 10:46:41,321] {result_logger:107} INFO - F1-score on Wake: 0.962
[2020-08-01 10:46:41,321] {result_logger:108} INFO - 
[2020-08-01 10:46:41,396] {result_logger:103} INFO - precision on REM: 0.911
[2020-08-01 10:46:41,444] {result_logger:104} INFO - recall on REM: 0.828
[2020-08-01 10:46:41,492] {result_logger:107} INFO - F1-score on REM: 0.868
[2020-08-01 10:46:41,492] {result_logger:108} INFO - 
[2020-08-01 10:46:41,568] {result_logger:103} INFO - precision on Non REM: 0.936
[2020-08-01 10:46:41,616] {result_logger:104} INFO - recall on Non REM: 0.958
[2020-08-01 10:46:41,666] {result_logger:107} INFO - F1-score on Non REM: 0.947
[2020-08-01 10:46:41,666] {result_logger:108} INFO - 
[2020-08-01 10:46:41,738] {result_logger:103} INFO - precision on Pre REM: 0.618
[2020-08-01 10:46:41,787] {result_logger:104} INFO - recall on Pre REM: 0.387
[2020-08-01 10:46:41,834] {result_logger:107} INFO - F1-score on Pre REM: 0.476
[2020-08-01 10:46:41,834] {result_logger:108} INFO - 
[2020-08-01 10:46:41,910] {result_logger:103} INFO - precision on Artifact: 0.565
[2020-08-01 10:46:41,956] {result_logger:104} INFO - recall on Artifact: 0.094
[2020-08-01 10:46:42,003] {result_logger:107} INFO - F1-score on Artifact: 0.161
[2020-08-01 10:46:42,003] {result_logger:108} INFO - 
[2020-08-01 10:46:42,013] {result_logger:111} INFO - average precision on sleep stages: 0.797
[2020-08-01 10:46:42,023] {result_logger:113} INFO - average recall on sleep stages: 0.647
[2020-08-01 10:46:42,033] {result_logger:115} INFO - average F1-score on sleep stages: 0.683
[2020-08-01 10:46:42,033] {result_logger:130} INFO - confusion matrix for sleep stages on dataset: train
[2020-08-01 10:46:42,297] {result_logger:134} INFO - 
[[195156    922   7365    147    157]
 [  2810  14376    720    689     11]
 [  8288    410 126861    955     71]
 [   397   1117   3697   1968      2]
 [   192     55    272     21     61]]
[2020-08-01 10:46:42,551] {result_logger:141} INFO - 
[[ 95.78%   0.45%   3.61%   0.07%   0.08%]
 [ 15.10%  77.27%   3.87%   3.70%   0.06%]
 [  6.07%   0.30%  92.88%   0.70%   0.05%]
 [  5.53%  15.55%  51.48%  27.41%   0.03%]
 [ 31.95%   9.15%  45.26%   3.49%  10.15%]]
[2020-08-01 10:46:42,906] {result_logger:145} INFO - 
[[ 94.35%   5.46%   5.30%   3.89%  51.99%]
 [  1.36%  85.17%   0.52%  18.23%   3.64%]
 [  4.01%   2.43%  91.32%  25.26%  23.51%]
 [  0.19%   6.62%   2.66%  52.06%   0.66%]
 [  0.09%   0.33%   0.20%   0.56%  20.20%]]
[2020-08-01 10:46:42,906] {result_logger:130} INFO - confusion matrix for sleep stages on dataset: valid
[2020-08-01 10:46:42,951] {result_logger:134} INFO - 
[[27542    25   778     2    35]
 [  208  2107   143    85     2]
 [  724    31 19109    87     0]
 [   11   137   313   291     0]
 [  377    12    67     6    48]]
[2020-08-01 10:46:42,996] {result_logger:141} INFO - 
[[ 97.04%   0.09%   2.74%   0.01%   0.12%]
 [  8.17%  82.79%   5.62%   3.34%   0.08%]
 [  3.63%   0.16%  95.78%   0.44%   0.00%]
 [  1.46%  18.22%  41.62%  38.70%   0.00%]
 [ 73.92%   2.35%  13.14%   1.18%   9.41%]]
[2020-08-01 10:46:43,042] {result_logger:145} INFO - 
[[ 95.43%   1.08%   3.81%   0.42%  41.18%]
 [  0.72%  91.13%   0.70%  18.05%   2.35%]
 [  2.51%   1.34%  93.63%  18.47%   0.00%]
 [  0.04%   5.93%   1.53%  61.78%   0.00%]
 [  1.31%   0.52%   0.33%   1.27%  56.47%]]
[2020-08-01 10:46:43,155] {result_logger:74} INFO - transformation matrix for sleep stages on dataset: valid
[2020-08-01 10:46:43,155] {result_logger:77} INFO - actual:
[2020-08-01 10:46:43,155] {result_logger:78} INFO - 
[[95.59%  0.00%  4.31%  0.01%  0.08%]
 [15.28% 79.88%  4.13%  0.04%  0.67%]
 [ 4.10%  0.03% 91.89%  2.99%  1.00%]
 [ 2.66% 63.43% 13.96% 18.75%  1.20%]
 [ 5.10%  5.69% 36.27%  1.76% 51.18%]]
[2020-08-01 10:46:43,155] {result_logger:79} INFO - predicted:
[2020-08-01 10:46:43,155] {result_logger:80} INFO - 
[[94.68%  0.23%  4.88%  0.00%  0.20%]
 [18.47% 77.85%  3.33%  0.13%  0.22%]
 [ 5.10%  0.50% 92.44%  1.88%  0.07%]
 [ 1.91% 72.82%  7.43% 17.83%  0.00%]
 [67.06%  1.18% 24.71%  0.00%  7.06%]]
[2020-08-01 10:46:43,155] {run_experiment:112} INFO - [epoch   2] execution time: 613.12s	 avg f1-score: 0.6828

[2020-08-01 10:46:43,156] {dataloader:107} INFO - data distribution in database for dataset train:
	Wake                : 203747
	REM                 : 18606
	Non REM             : 136586
	Pre REM             : 7181
	Artifact            : 600
[2020-08-01 10:46:43,186] {dataloader:134} INFO - data distribution after processing:
	Wake                : 203747
	REM                 : 18606
	Non REM             : 136586
	Pre REM             : 7181
	Artifact            : 600
[2020-08-01 10:47:41,048] {train_model:70} INFO - Train Epoch: 3 [36352/366720 (10%)]	lr:6.75e-05	Loss: 0.241282
[2020-08-01 10:48:38,579] {train_model:70} INFO - Train Epoch: 3 [72960/366720 (20%)]	lr:6.75e-05	Loss: 0.183505
[2020-08-01 10:49:36,215] {train_model:70} INFO - Train Epoch: 3 [109568/366720 (30%)]	lr:6.75e-05	Loss: 0.170168
[2020-08-01 10:50:33,831] {train_model:70} INFO - Train Epoch: 3 [146176/366720 (40%)]	lr:6.75e-05	Loss: 0.242024
[2020-08-01 10:51:31,468] {train_model:70} INFO - Train Epoch: 3 [182784/366720 (50%)]	lr:6.75e-05	Loss: 0.232163
[2020-08-01 10:52:29,089] {train_model:70} INFO - Train Epoch: 3 [219392/366720 (60%)]	lr:6.75e-05	Loss: 0.215221
[2020-08-01 10:53:26,600] {train_model:70} INFO - Train Epoch: 3 [256000/366720 (70%)]	lr:6.75e-05	Loss: 0.195867
[2020-08-01 10:54:24,071] {train_model:70} INFO - Train Epoch: 3 [292608/366720 (80%)]	lr:6.75e-05	Loss: 0.220626
[2020-08-01 10:55:21,475] {train_model:70} INFO - Train Epoch: 3 [329216/366720 (90%)]	lr:6.75e-05	Loss: 0.182273
[2020-08-01 10:56:19,061] {train_model:70} INFO - Train Epoch: 3 [365824/366720 (100%)]	lr:6.75e-05	Loss: 0.205768
[2020-08-01 10:56:46,994] {run_experiment:78} INFO - 
[2020-08-01 10:56:46,995] {result_logger:97} INFO - scores for sleep stages on dataset: train
[2020-08-01 10:56:47,622] {result_logger:103} INFO - precision on Wake: 0.955
[2020-08-01 10:56:48,042] {result_logger:104} INFO - recall on Wake: 0.967
[2020-08-01 10:56:48,459] {result_logger:107} INFO - F1-score on Wake: 0.961
[2020-08-01 10:56:48,459] {result_logger:108} INFO - 
[2020-08-01 10:56:49,040] {result_logger:103} INFO - precision on REM: 0.880
[2020-08-01 10:56:49,429] {result_logger:104} INFO - recall on REM: 0.819
[2020-08-01 10:56:49,796] {result_logger:107} INFO - F1-score on REM: 0.849
[2020-08-01 10:56:49,796] {result_logger:108} INFO - 
[2020-08-01 10:56:50,481] {result_logger:103} INFO - precision on Non REM: 0.922
[2020-08-01 10:56:50,887] {result_logger:104} INFO - recall on Non REM: 0.939
[2020-08-01 10:56:51,330] {result_logger:107} INFO - F1-score on Non REM: 0.931
[2020-08-01 10:56:51,330] {result_logger:108} INFO - 
[2020-08-01 10:56:51,920] {result_logger:103} INFO - precision on Pre REM: 0.570
[2020-08-01 10:56:52,326] {result_logger:104} INFO - recall on Pre REM: 0.304
[2020-08-01 10:56:52,838] {result_logger:107} INFO - F1-score on Pre REM: 0.397
[2020-08-01 10:56:52,838] {result_logger:108} INFO - 
[2020-08-01 10:56:53,538] {result_logger:103} INFO - precision on Artifact: 0.357
[2020-08-01 10:56:53,907] {result_logger:104} INFO - recall on Artifact: 0.153
[2020-08-01 10:56:54,244] {result_logger:107} INFO - F1-score on Artifact: 0.214
[2020-08-01 10:56:54,244] {result_logger:108} INFO - 
[2020-08-01 10:56:54,342] {result_logger:111} INFO - average precision on sleep stages: 0.737
[2020-08-01 10:56:54,441] {result_logger:113} INFO - average recall on sleep stages: 0.636
[2020-08-01 10:56:54,538] {result_logger:115} INFO - average F1-score on sleep stages: 0.670
[2020-08-01 10:56:54,540] {result_logger:97} INFO - scores for sleep stages on dataset: valid
[2020-08-01 10:56:54,615] {result_logger:103} INFO - precision on Wake: 0.968
[2020-08-01 10:56:54,662] {result_logger:104} INFO - recall on Wake: 0.966
[2020-08-01 10:56:54,713] {result_logger:107} INFO - F1-score on Wake: 0.967
[2020-08-01 10:56:54,713] {result_logger:108} INFO - 
[2020-08-01 10:56:54,787] {result_logger:103} INFO - precision on REM: 0.889
[2020-08-01 10:56:54,833] {result_logger:104} INFO - recall on REM: 0.868
[2020-08-01 10:56:54,880] {result_logger:107} INFO - F1-score on REM: 0.879
[2020-08-01 10:56:54,880] {result_logger:108} INFO - 
[2020-08-01 10:56:54,957] {result_logger:103} INFO - precision on Non REM: 0.937
[2020-08-01 10:56:55,004] {result_logger:104} INFO - recall on Non REM: 0.961
[2020-08-01 10:56:55,052] {result_logger:107} INFO - F1-score on Non REM: 0.949
[2020-08-01 10:56:55,053] {result_logger:108} INFO - 
[2020-08-01 10:56:55,126] {result_logger:103} INFO - precision on Pre REM: 0.666
[2020-08-01 10:56:55,174] {result_logger:104} INFO - recall on Pre REM: 0.310
[2020-08-01 10:56:55,221] {result_logger:107} INFO - F1-score on Pre REM: 0.423
[2020-08-01 10:56:55,221] {result_logger:108} INFO - 
[2020-08-01 10:56:55,294] {result_logger:103} INFO - precision on Artifact: 0.527
[2020-08-01 10:56:55,340] {result_logger:104} INFO - recall on Artifact: 0.518
[2020-08-01 10:56:55,387] {result_logger:107} INFO - F1-score on Artifact: 0.522
[2020-08-01 10:56:55,387] {result_logger:108} INFO - 
[2020-08-01 10:56:55,397] {result_logger:111} INFO - average precision on sleep stages: 0.797
[2020-08-01 10:56:55,407] {result_logger:113} INFO - average recall on sleep stages: 0.725
[2020-08-01 10:56:55,417] {result_logger:115} INFO - average F1-score on sleep stages: 0.748
[2020-08-01 10:56:55,417] {result_logger:130} INFO - confusion matrix for sleep stages on dataset: train
[2020-08-01 10:56:55,668] {result_logger:134} INFO - 
[[196975    559   6057     60     96]
 [  1915  15240    781    658     12]
 [  7014    343 128253    917     58]
 [   215   1111   3669   2186      0]
 [   159     57    278     15     92]]
[2020-08-01 10:56:55,923] {result_logger:141} INFO - 
[[ 96.68%   0.27%   2.97%   0.03%   0.05%]
 [ 10.29%  81.91%   4.20%   3.54%   0.06%]
 [  5.14%   0.25%  93.90%   0.67%   0.04%]
 [  2.99%  15.47%  51.09%  30.44%   0.00%]
 [ 26.46%   9.48%  46.26%   2.50%  15.31%]]
[2020-08-01 10:56:56,294] {result_logger:145} INFO - 
[[ 95.49%   3.23%   4.36%   1.56%  37.21%]
 [  0.93%  88.04%   0.56%  17.15%   4.65%]
 [  3.40%   1.98%  92.24%  23.91%  22.48%]
 [  0.10%   6.42%   2.64%  56.99%   0.00%]
 [  0.08%   0.33%   0.20%   0.39%  35.66%]]
[2020-08-01 10:56:56,294] {result_logger:130} INFO - confusion matrix for sleep stages on dataset: valid
[2020-08-01 10:56:56,339] {result_logger:134} INFO - 
[[27422    35   734     0   191]
 [  131  2210   122    54    28]
 [  659    45 19168    63    16]
 [    4   177   336   233     2]
 [  126    19   101     0   264]]
[2020-08-01 10:56:56,520] {result_logger:141} INFO - 
[[ 96.62%   0.12%   2.59%   0.00%   0.67%]
 [  5.15%  86.84%   4.79%   2.12%   1.10%]
 [  3.30%   0.23%  96.08%   0.32%   0.08%]
 [  0.53%  23.54%  44.68%  30.98%   0.27%]
 [ 24.71%   3.73%  19.80%   0.00%  51.76%]]
[2020-08-01 10:56:56,699] {result_logger:145} INFO - 
[[ 96.75%   1.41%   3.59%   0.00%  38.12%]
 [  0.46%  88.90%   0.60%  15.43%   5.59%]
 [  2.33%   1.81%  93.68%  18.00%   3.19%]
 [  0.01%   7.12%   1.64%  66.57%   0.40%]
 [  0.44%   0.76%   0.49%   0.00%  52.69%]]
[2020-08-01 10:56:57,076] {result_logger:74} INFO - transformation matrix for sleep stages on dataset: valid
[2020-08-01 10:56:57,076] {result_logger:77} INFO - actual:
[2020-08-01 10:56:57,076] {result_logger:78} INFO - 
[[95.59%  0.00%  4.31%  0.01%  0.08%]
 [15.28% 79.88%  4.13%  0.04%  0.67%]
 [ 4.10%  0.03% 91.89%  2.99%  1.00%]
 [ 2.66% 63.43% 13.96% 18.75%  1.20%]
 [ 5.10%  5.69% 36.27%  1.76% 51.18%]]
[2020-08-01 10:56:57,076] {result_logger:79} INFO - predicted:
[2020-08-01 10:56:57,076] {result_logger:80} INFO - 
[[94.79%  0.17%  4.32%  0.00%  0.72%]
 [16.89% 78.28%  3.78%  0.24%  0.80%]
 [ 4.36%  0.87% 92.70%  1.49%  0.57%]
 [ 0.29% 84.86%  4.29% 10.57%  0.00%]
 [32.53%  3.19% 31.74%  0.40% 32.14%]]
[2020-08-01 10:56:57,083] {train_model:82} INFO - snapshot saved to /home/users/grieger/seminar/mice_tuebingen/results/exp005e/model_3conv_pool-best.pth
[2020-08-01 10:56:57,083] {run_experiment:112} INFO - [epoch   3] execution time: 613.93s	 avg f1-score: 0.7478

[2020-08-01 10:56:57,083] {dataloader:107} INFO - data distribution in database for dataset train:
	Wake                : 203747
	REM                 : 18606
	Non REM             : 136586
	Pre REM             : 7181
	Artifact            : 600
[2020-08-01 10:56:57,117] {dataloader:134} INFO - data distribution after processing:
	Wake                : 203747
	REM                 : 18606
	Non REM             : 136586
	Pre REM             : 7181
	Artifact            : 600
[2020-08-01 10:57:54,961] {train_model:70} INFO - Train Epoch: 4 [36352/366720 (10%)]	lr:8.84e-05	Loss: 0.224602
[2020-08-01 10:58:52,413] {train_model:70} INFO - Train Epoch: 4 [72960/366720 (20%)]	lr:8.84e-05	Loss: 0.142676
[2020-08-01 10:59:49,819] {train_model:70} INFO - Train Epoch: 4 [109568/366720 (30%)]	lr:8.84e-05	Loss: 0.181509
[2020-08-01 11:00:47,504] {train_model:70} INFO - Train Epoch: 4 [146176/366720 (40%)]	lr:8.84e-05	Loss: 0.256142
[2020-08-01 11:01:45,025] {train_model:70} INFO - Train Epoch: 4 [182784/366720 (50%)]	lr:8.84e-05	Loss: 0.135293
[2020-08-01 11:02:42,569] {train_model:70} INFO - Train Epoch: 4 [219392/366720 (60%)]	lr:8.84e-05	Loss: 0.214944
[2020-08-01 11:03:40,186] {train_model:70} INFO - Train Epoch: 4 [256000/366720 (70%)]	lr:8.84e-05	Loss: 0.213005
[2020-08-01 11:04:37,718] {train_model:70} INFO - Train Epoch: 4 [292608/366720 (80%)]	lr:8.84e-05	Loss: 0.202789
[2020-08-01 11:05:35,127] {train_model:70} INFO - Train Epoch: 4 [329216/366720 (90%)]	lr:8.84e-05	Loss: 0.151138
[2020-08-01 11:06:32,872] {train_model:70} INFO - Train Epoch: 4 [365824/366720 (100%)]	lr:8.84e-05	Loss: 0.172774
[2020-08-01 11:07:00,858] {run_experiment:78} INFO - 
[2020-08-01 11:07:00,859] {result_logger:97} INFO - scores for sleep stages on dataset: train
[2020-08-01 11:07:01,480] {result_logger:103} INFO - precision on Wake: 0.958
[2020-08-01 11:07:01,898] {result_logger:104} INFO - recall on Wake: 0.969
[2020-08-01 11:07:02,311] {result_logger:107} INFO - F1-score on Wake: 0.963
[2020-08-01 11:07:02,311] {result_logger:108} INFO - 
[2020-08-01 11:07:02,854] {result_logger:103} INFO - precision on REM: 0.886
[2020-08-01 11:07:03,205] {result_logger:104} INFO - recall on REM: 0.835
[2020-08-01 11:07:03,557] {result_logger:107} INFO - F1-score on REM: 0.859
[2020-08-01 11:07:03,557] {result_logger:108} INFO - 
[2020-08-01 11:07:04,143] {result_logger:103} INFO - precision on Non REM: 0.925
[2020-08-01 11:07:04,548] {result_logger:104} INFO - recall on Non REM: 0.942
[2020-08-01 11:07:04,952] {result_logger:107} INFO - F1-score on Non REM: 0.933
[2020-08-01 11:07:04,952] {result_logger:108} INFO - 
[2020-08-01 11:07:05,493] {result_logger:103} INFO - precision on Pre REM: 0.590
[2020-08-01 11:07:05,841] {result_logger:104} INFO - recall on Pre REM: 0.319
[2020-08-01 11:07:06,181] {result_logger:107} INFO - F1-score on Pre REM: 0.414
[2020-08-01 11:07:06,182] {result_logger:108} INFO - 
[2020-08-01 11:07:06,698] {result_logger:103} INFO - precision on Artifact: 0.301
[2020-08-01 11:07:07,042] {result_logger:104} INFO - recall on Artifact: 0.120
[2020-08-01 11:07:07,384] {result_logger:107} INFO - F1-score on Artifact: 0.171
[2020-08-01 11:07:07,384] {result_logger:108} INFO - 
[2020-08-01 11:07:07,488] {result_logger:111} INFO - average precision on sleep stages: 0.732
[2020-08-01 11:07:07,592] {result_logger:113} INFO - average recall on sleep stages: 0.637
[2020-08-01 11:07:07,692] {result_logger:115} INFO - average F1-score on sleep stages: 0.668
[2020-08-01 11:07:07,693] {result_logger:97} INFO - scores for sleep stages on dataset: valid
[2020-08-01 11:07:07,766] {result_logger:103} INFO - precision on Wake: 0.972
[2020-08-01 11:07:07,814] {result_logger:104} INFO - recall on Wake: 0.969
[2020-08-01 11:07:07,864] {result_logger:107} INFO - F1-score on Wake: 0.971
[2020-08-01 11:07:07,864] {result_logger:108} INFO - 
[2020-08-01 11:07:07,938] {result_logger:103} INFO - precision on REM: 0.887
[2020-08-01 11:07:07,985] {result_logger:104} INFO - recall on REM: 0.889
[2020-08-01 11:07:08,032] {result_logger:107} INFO - F1-score on REM: 0.888
[2020-08-01 11:07:08,033] {result_logger:108} INFO - 
[2020-08-01 11:07:08,108] {result_logger:103} INFO - precision on Non REM: 0.942
[2020-08-01 11:07:08,156] {result_logger:104} INFO - recall on Non REM: 0.953
[2020-08-01 11:07:08,206] {result_logger:107} INFO - F1-score on Non REM: 0.947
[2020-08-01 11:07:08,207] {result_logger:108} INFO - 
[2020-08-01 11:07:08,280] {result_logger:103} INFO - precision on Pre REM: 0.431
[2020-08-01 11:07:08,333] {result_logger:104} INFO - recall on Pre REM: 0.549
[2020-08-01 11:07:08,380] {result_logger:107} INFO - F1-score on Pre REM: 0.483
[2020-08-01 11:07:08,380] {result_logger:108} INFO - 
[2020-08-01 11:07:08,454] {result_logger:103} INFO - precision on Artifact: 0.754
[2020-08-01 11:07:08,500] {result_logger:104} INFO - recall on Artifact: 0.247
[2020-08-01 11:07:08,546] {result_logger:107} INFO - F1-score on Artifact: 0.372
[2020-08-01 11:07:08,546] {result_logger:108} INFO - 
[2020-08-01 11:07:08,559] {result_logger:111} INFO - average precision on sleep stages: 0.797
[2020-08-01 11:07:08,569] {result_logger:113} INFO - average recall on sleep stages: 0.721
[2020-08-01 11:07:08,578] {result_logger:115} INFO - average F1-score on sleep stages: 0.732
[2020-08-01 11:07:08,579] {result_logger:130} INFO - confusion matrix for sleep stages on dataset: train
[2020-08-01 11:07:08,832] {result_logger:134} INFO - 
[[197342    488   5779     45     93]
 [  1688  15534    736    639      9]
 [  6670    346 128622    884     63]
 [   196   1110   3584   2289      2]
 [   165     63    281     20     72]]
[2020-08-01 11:07:09,094] {result_logger:141} INFO - 
[[ 96.86%   0.24%   2.84%   0.02%   0.05%]
 [  9.07%  83.49%   3.96%   3.43%   0.05%]
 [  4.88%   0.25%  94.17%   0.65%   0.05%]
 [  2.73%  15.46%  49.91%  31.88%   0.03%]
 [ 27.45%  10.48%  46.76%   3.33%  11.98%]]
[2020-08-01 11:07:09,347] {result_logger:145} INFO - 
[[ 95.77%   2.78%   4.16%   1.16%  38.91%]
 [  0.82%  88.56%   0.53%  16.48%   3.77%]
 [  3.24%   1.97%  92.53%  22.80%  26.36%]
 [  0.10%   6.33%   2.58%  59.04%   0.84%]
 [  0.08%   0.36%   0.20%   0.52%  30.13%]]
[2020-08-01 11:07:09,347] {result_logger:130} INFO - confusion matrix for sleep stages on dataset: valid
[2020-08-01 11:07:09,380] {result_logger:134} INFO - 
[[27499    61   799     5    18]
 [   79  2263    67   128     8]
 [  552    59 19010   316    14]
 [    3   146   189   413     1]
 [  148    23   116    97   126]]
[2020-08-01 11:07:09,411] {result_logger:141} INFO - 
[[ 96.89%   0.21%   2.82%   0.02%   0.06%]
 [  3.10%  88.92%   2.63%   5.03%   0.31%]
 [  2.77%   0.30%  95.28%   1.58%   0.07%]
 [  0.40%  19.41%  25.13%  54.92%   0.13%]
 [ 29.02%   4.51%  22.75%  19.02%  24.71%]]
[2020-08-01 11:07:09,446] {result_logger:145} INFO - 
[[ 97.23%   2.39%   3.96%   0.52%  10.78%]
 [  0.28%  88.68%   0.33%  13.35%   4.79%]
 [  1.95%   2.31%  94.20%  32.95%   8.38%]
 [  0.01%   5.72%   0.94%  43.07%   0.60%]
 [  0.52%   0.90%   0.57%  10.11%  75.45%]]
[2020-08-01 11:07:09,523] {result_logger:74} INFO - transformation matrix for sleep stages on dataset: valid
[2020-08-01 11:07:09,523] {result_logger:77} INFO - actual:
[2020-08-01 11:07:09,523] {result_logger:78} INFO - 
[[95.59%  0.00%  4.31%  0.01%  0.08%]
 [15.28% 79.88%  4.13%  0.04%  0.67%]
 [ 4.10%  0.03% 91.89%  2.99%  1.00%]
 [ 2.66% 63.43% 13.96% 18.75%  1.20%]
 [ 5.10%  5.69% 36.27%  1.76% 51.18%]]
[2020-08-01 11:07:09,523] {result_logger:79} INFO - predicted:
[2020-08-01 11:07:09,523] {result_logger:80} INFO - 
[[95.67%  0.14%  4.00%  0.01%  0.17%]
 [14.93% 78.25%  5.72%  0.74%  0.35%]
 [ 3.89%  0.23% 92.69%  3.02%  0.17%]
 [ 4.17% 48.07% 11.16% 33.16%  3.44%]
 [11.38%  4.79% 53.89%  4.79% 25.15%]]
[2020-08-01 11:07:09,523] {run_experiment:112} INFO - [epoch   4] execution time: 612.44s	 avg f1-score: 0.7322

[2020-08-01 11:07:09,524] {dataloader:107} INFO - data distribution in database for dataset train:
	Wake                : 203747
	REM                 : 18606
	Non REM             : 136586
	Pre REM             : 7181
	Artifact            : 600
[2020-08-01 11:07:09,553] {dataloader:134} INFO - data distribution after processing:
	Wake                : 203747
	REM                 : 18606
	Non REM             : 136586
	Pre REM             : 7181
	Artifact            : 600
[2020-08-01 11:08:07,220] {train_model:70} INFO - Train Epoch: 5 [36352/366720 (10%)]	lr:1.09e-04	Loss: 0.149744
[2020-08-01 11:09:04,208] {train_model:70} INFO - Train Epoch: 5 [72960/366720 (20%)]	lr:1.09e-04	Loss: 0.208948
[2020-08-01 11:09:59,414] {train_model:70} INFO - Train Epoch: 5 [109568/366720 (30%)]	lr:1.09e-04	Loss: 0.179176
[2020-08-01 11:10:56,779] {train_model:70} INFO - Train Epoch: 5 [146176/366720 (40%)]	lr:1.09e-04	Loss: 0.220540
[2020-08-01 11:11:54,290] {train_model:70} INFO - Train Epoch: 5 [182784/366720 (50%)]	lr:1.09e-04	Loss: 0.176100
[2020-08-01 11:12:51,880] {train_model:70} INFO - Train Epoch: 5 [219392/366720 (60%)]	lr:1.09e-04	Loss: 0.171449
[2020-08-01 11:13:49,584] {train_model:70} INFO - Train Epoch: 5 [256000/366720 (70%)]	lr:1.09e-04	Loss: 0.185458
[2020-08-01 11:14:47,303] {train_model:70} INFO - Train Epoch: 5 [292608/366720 (80%)]	lr:1.09e-04	Loss: 0.126684
[2020-08-01 11:15:45,053] {train_model:70} INFO - Train Epoch: 5 [329216/366720 (90%)]	lr:1.09e-04	Loss: 0.218735
[2020-08-01 11:16:42,881] {train_model:70} INFO - Train Epoch: 5 [365824/366720 (100%)]	lr:1.09e-04	Loss: 0.179489
[2020-08-01 11:17:11,116] {run_experiment:78} INFO - 
[2020-08-01 11:17:11,117] {result_logger:97} INFO - scores for sleep stages on dataset: train
[2020-08-01 11:17:11,732] {result_logger:103} INFO - precision on Wake: 0.959
